0
52
38
28
29
17
13
10
12
2
3
1
0
0
0
0
1
0
0
0
0
0
0
0
0
0
1
0
0
1
0
0
0
0
0
0
0
1
0
1
1
1
3
0
1
2
4
2
4
2
2
4
5
3
6
8
8
12
14
10
14
8
20
13
19
24
19
23
29
24
36
35
49
28
37
40
44
45
48
49
45
76
79
55
56
62
92
82
73
86
84
84
85
88
77
83
98
101
105
91
102
82
95
106
96
112
83
117
92
117
102
120
101
116
120
112
129
103
104
134
106
110
131
118
107
115
102
127
120
122
142
126
121
127
138
119
131
121
140
143
126
138
118
134
130
147
137
127
153
122
121
151
131
155
127
132
132
110
140
138
121
150
130
142
144
136
146
152
116
136
139
122
130
144
124
156
144
155
141
147
135
151
149
149
143
148
155
157
140
176
160
157
133
156
142
154
151
146
164
170
138
158
160
132
153
149
163
157
147
134
174
168
135
163
160
169
171
154
153
132
169
155
159
138
170
163
157
143
157
148
171
157
163
147
142
147
194
141
181
163
176
160
168
150
173
188
163
164
158
145
141
158
159
162
161
178
148
172
146
174
152
166
182
155
157
152
146
175
187
145
158
165
171
176
182
156
127
149
161
175
158
157
146
166
182
155
164
179
167
160
168
156
198
170
162
174
169
175
166
176
169
188
172
158
175
186
155
184
184
159
168
166
168
183
172
178
158
176
159
171
166
181
175
168
162
178
158
181
196
168
194
169
182
197
167
182
176
176
163
180
149
163
158
171
156
175
160
180
162
155
161
178
144
169
174
180
183
189
192
152
174
149
170
155
157
169
175
156
176
178
180
182
164
188
186
183
189
206
182
177
180
183
193
161
192
166
153
182
152
129
150
160
146
151
161
154
142
155
115
135
138
119
135
134
151
138
150
142
150
140
143
153
142
147
132
128
138
146
129
135
139
143
131
140
150
187
157
196
153
186
209
192
183
172
179
198
182
171
156
178
173
148
156
158
173
153
139
167
121
145
135
141
148
142
116
158
132
121
122
123
138
133
124
133
138
128
122
115
132
125
136
125
127
146
132
141
128
129
127
118
130
132
123
124
118
126
142
126
125
126
136
137
139
138
137
122
131
144
138
128
105
125
135
105
141
124
123
132
127
114
128
138
101
140
107
145
125
133
122
140
113
120
132
128
145
128
105
111
133
140
124
125
110
118
140
113
140
124
117
129
130
127
151
145
137
136
137
144
123
131
115
129
137
131
126
120
139
136
118
134
134
130
132
130
139
141
118
127
121
136
135
113
127
121
141
130
134
133
138
132
136
112
151
121
140
146
121
115
113
133
124
127
138
136
152
129
115
126
130
147
125
127
135
146
130
134
126
131
140
132
144
135
147
149
141
124
122
133
145
158
120
148
127
141
131
122
143
159
145
114
135
147
150
127
154
132
136
126
128
121
137
141
138
121
168
132
146
165
147
133
141
147
139
138
148
150
136
150
144
134
153
141
121
150
129
157
146
135
145
157
157
143
163
156
163
126
135
145
149
150
143
162
133
153
131
141
161
151
178
188
168
183
192
174
170
182
173
151
170
175
178
156
136
160
161
169
168
170
202
184
194
200
192
227
186
190
191
187
196
179
154
157
161
172
166
197
156
165
137
151
142
165
165
165
187
169
166
163
171
165
184
155
194
179
177
176
173
156
166
164
160
158
156
180
157
134
177
164
181
171
173
164
158
173
161
163
180
205
185
179
186
173
215
183
183
185
184
203
194
200
185
218
212
205
231
234
215
224
220
210
237
238
251
206
225
235
221
228
263
255
231
208
259
241
260
242
257
244
220
249
249
248
242
214
235
240
235
231
218
211
231
232
233
186
217
263
200
218
194
233
250
226
203
205
229
220
236
234
217
250
227
244
223
221
213
239
212
208
197
201
234
205
217
205
203
198
199
232
205
201
211
206
210
216
213
208
233
205
212
212
202
227
183
207
225
226
212
185
215
203
213
206
218
211
228
220
236
195
207
213
212
204
208
207
215
201
224
224
218
214
208
220
216
200
202
224
196
225
194
221
190
213
222
200
222
185
209
188
216
237
217
234
215
182
218
184
207
216
208
220
212
200
200
211
235
196
226
231
201
194
233
199
195
188
213
189
240
207
195
196
238
193
229
193
198
223
230
182
187
238
201
233
203
215
211
204
209
217
215
200
198
209
215
208
229
199
220
201
200
209
207
179
188
198
193
212
196
197
191
204
187
212
209
191
202
194
213
223
221
200
176
210
218
219
187
230
223
218
200
211
204
204
205
192
192
214
195
202
220
203
199
218
198
201
217
211
228
191
199
194
211
209
221
221
210
191
237
213
207
202
183
218
233
197
220
203
224
207
220
214
210
201
233
205
226
207
195
225
216
225
190
185
219
230
214
209
213
225
234
231
221
219
194
206
215
223
211
197
206
225
229
220
198
200
199
229
240
225
218
217
211
195
216
222
211
244
241
205
220
225
234
228
261
245
207
225
239
235
218
247
242
232
205
237
206
245
202
255
227
236
241
246
218
246
215
223
233
249
202
228
246
228
216
224
218
222
214
256
258
220
231
255
250
265
300
330
413
544
843
1267
1794
2579
3436
4578
5712
6843
7721
8259
8256
8087
7437
6608
5507
4173
3270
2294
1603
1095
716
490
379
295
234
181
182
170
188
171
164
147
157
138
173
139
138
149
153
157
146
153
140
118
132
152
156
152
157
135
142
160
146
153
150
150
151
154
163
142
138
161
151
146
153
151
149
169
161
163
127
139
145
138
155
167
127
154
149
157
146
161
153
150
155
149
162
128
158
170
148
141
166
149
157
147
152
159
146
150
182
156
132
146
151
171
166
156
124
149
163
155
142
142
146
165
140
135
139
138
148
142
161
140
143
128
161
132
164
171
150
113
151
129
140
134
155
140
137
141
122
146
154
140
137
176
151
128
168
147
156
129
140
155
156
133
134
139
119
144
151
132
129
137
124
134
135
140
156
146
131
159
152
143
137
161
135
152
130
153
163
163
158
158
136
145
162
144
144
163
141
172
133
154
164
144
143
143
146
160
153
170
145
160
144
134
148
174
153
140
164
134
161
136
142
125
141
148
153
138
165
141
123
147
148
156
165
135
134
157
138
144
140
130
143
155
172
156
133
169
169
154
145
168
135
171
162
158
166
171
174
151
162
146
182
191
165
182
167
183
182
182
176
156
170
174
173
156
159
171
159
156
164
175
192
169
155
166
153
160
181
184
176
179
162
175
155
159
157
164
140
158
172
138
187
146
170
166
174
164
157
163
151
177
187
156
177
166
158
173
165
150
129
154
144
173
151
159
174
162
142
183
170
170
159
155
160
137
144
127
165
150
159
181
148
147
136
148
165
152
155
129
164
150
151
154
157
161
156
155
143
153
130
164
173
157
144
152
153
159
146
126
154
155
135
140
143
158
144
163
147
164
141
147
165
149
152
138
149
157
130
150
147
130
134
142
137
144
152
156
150
161
156
163
142
140
134
144
155
167
142
139
164
161
142
133
143
134
153
148
143
177
164
160
146
157
128
133
124
151
147
136
143
152
129
137
164
159
132
167
148
116
159
151
183
155
121
152
167
146
148
156
151
125
146
135
162
159
138
146
147
143
152
150
129
144
149
137
142
145
164
146
145
142
152
137
156
144
148
159
146
165
148
136
145
128
132
150
149
164
131
144
141
131
133
144
107
125
155
116
151
148
133
125
157
155
151
149
143
134
163
133
136
163
131
121
128
134
133
128
145
132
130
148
142
160
153
137
150
140
167
132
125
142
141
127
160
146
145
154
129
130
141
114
136
161
131
154
142
163
132
160
158
143
140
143
128
144
159
155
140
159
156
148
133
133
122
143
136
155
134
161
119
139
146
144
142
138
138
133
137
119
150
137
144
134
147
131
145
153
137
137
140
121
147
126
140
137
142
136
135
135
148
133
142
149
141
124
131
136
140
121
124
129
136
132
148
138
139
154
136
151
134
148
161
142
161
142
142
141
138
146
113
162
156
158
141
148
132
156
138
156
126
114
140
126
167
136
155
129
144
146
139
143
136
140
129
150
126
143
126
145
158
134
142
123
155
133
146
147
148
130
148
134
133
147
139
151
137
134
133
114
139
174
137
140
119
160
138
124
152
150
139
154
144
152
140
154
155
129
141
167
126
127
148
145
154
141
154
125
146
123
123
126
152
141
133
147
140
141
154
128
151
154
146
150
151
140
149
129
128
126
140
130
127
139
135
134
149
135
152
132
125
140
144
124
128
113
127
141
122
151
138
121
115
120
131
133
127
121
138
135
122
120
124
115
120
119
128
142
111
132
134
111
131
120
114
142
149
133
104
124
120
113
135
132
115
125
121
102
122
133
108
108
130
123
114
123
133
129
111
124
122
126
113
134
115
140
132
124
125
118
120
118
136
115
143
144
113
117
101
120
111
129
126
121
113
105
122
124
114
104
124
124
126
125
110
120
121
119
108
135
123
125
91
124
116
148
115
119
133
120
155
134
100
118
100
131
121
122
126
130
117
112
129
112
114
93
107
116
127
100
106
140
127
119
122
113
119
113
130
114
114
118
107
135
138
102
116
124
112
117
117
137
121
123
120
122
107
108
103
118
105
96
112
126
134
104
109
113
100
128
106
108
113
132
112
117
107
104
129
105
106
109
113
105
111
113
105
111
102
102
108
98
107
98
116
112
119
113
106
111
113
103
102
100
124
101
106
115
96
114
94
106
126
109
118
118
107
105
109
107
111
102
108
119
103
92
109
92
100
100
106
104
96
105
118
108
106
113
101
111
92
92
106
120
96
97
114
106
89
103
93
96
94
102
99
107
109
112
100
102
111
97
87
97
102
104
94
91
89
106
105
89
86
114
90
95
93
112
89
116
93
91
113
92
108
113
103
110
114
102
104
80
105
91
87
113
102
101
92
96
92
91
94
101
96
89
103
99
102
97
110
113
84
100
81
84
81
92
93
89
97
91
96
97
101
107
105
79
103
76
83
85
96
86
79
87
102
89
97
83
93
91
80
92
77
81
80
87
82
95
90
100
99
90
86
86
75
97
100
72
82
91
94
92
94
77
89
82
85
87
69
109
91
92
93
91
87
84
100
94
68
79
95
91
88
113
94
101
113
114
95
110
95
113
97
105
83
69
91
102
88
81
95
81
98
103
80
88
84
88
75
89
87
98
87
78
81
82
69
60
88
101
101
80
101
87
78
83
80
95
85
79
88
84
126
151
160
226
292
398
511
688
860
1133
1354
1499
1600
1669
1743
1643
1529
1335
1185
916
783
552
378
308
250
146
149
100
75
87
96
80
72
84
101
86
84
81
70
59
81
72
89
72
92
91
103
74
79
73
70
78
75
85
70
83
59
58
80
71
51
73
71
63
83
66
72
70
76
67
89
77
73
74
82
67
81
101
104
78
97
89
91
90
80
92
87
58
75
76
81
64
69
80
80
59
70
84
80
71
72
75
78
79
70
75
66
57
67
70
76
55
75
71
69
64
73
65
67
70
86
80
69
50
61
53
70
72
77
69
79
72
75
62
71
66
61
66
66
69
51
61
60
69
63
87
68
68
52
71
75
70
55
69
71
81
64
52
44
57
72
63
74
66
50
69
57
83
76
88
62
65
74
64
61
51
72
66
87
75
56
79
79
87
63
66
71
74
64
69
68
58
62
60
62
59
65
58
52
67
52
69
57
74
67
66
60
76
70
57
81
75
58
58
64
65
71
70
75
61
69
61
66
61
56
73
54
86
72
63
60
66
77
78
65
78
69
64
67
65
74
60
72
78
55
64
58
79
61
58
60
71
59
74
58
59
67
83
76
76
78
58
83
73
90
78
84
94
78
83
66
86
56
72
72
65
60
79
69
61
69
81
75
64
49
58
51
53
75
60
80
67
68
60
68
73
64
59
54
65
64
65
68
62
71
79
59
56
70
58
74
68
58
74
68
66
63
67
66
68
69
55
58
52
71
66
59
73
73
62
63
56
56
49
52
72
59
48
55
63
60
67
55
53
59
62
65
57
55
58
54
50
68
74
52
70
52
61
67
62
68
54
64
65
60
51
52
75
62
56
57
87
50
60
70
78
48
74
51
70
54
64
65
54
51
65
60
73
68
77
59
66
62
75
74
53
52
66
65
62
62
57
75
69
83
62
60
60
64
54
65
69
53
58
53
60
68
58
58
52
49
68
63
73
59
64
51
64
57
61
55
66
67
61
68
60
65
48
61
66
63
69
68
73
69
70
55
51
49
68
58
54
59
52
67
82
67
60
63
54
63
64
49
62
55
59
69
63
58
60
53
54
63
67
57
65
58
60
60
57
67
64
67
66
54
70
66
52
71
77
66
64
65
117
115
99
114
100
133
138
149
142
145
133
131
112
105
96
87
75
63
72
74
50
43
52
57
46
63
65
46
61
59
69
60
62
68
60
73
50
60
58
53
61
67
50
46
66
75
59
56
61
48
43
55
66
56
51
45
54
48
50
49
63
54
43
65
60
61
40
52
67
50
63
54
51
59
61
66
58
59
57
61
54
57
58
56
53
59
58
61
51
52
65
63
50
70
57
55
60
49
49
54
53
70
61
64
56
64
57
44
61
55
45
48
71
61
71
59
58
49
50
62
58
54
65
57
56
51
56
58
55
54
53
47
68
45
59
72
67
61
52
59
58
52
59
67
66
42
50
51
54
59
59
62
45
66
58
48
57
59
63
38
52
77
53
51
69
32
49
65
47
58
67
75
48
55
57
49
53
64
54
64
56
46
47
62
69
60
53
68
52
57
70
68
54
58
52
69
70
62
54
63
63
59
55
63
64
52
43
59
48
44
45
70
44
56
58
52
45
53
43
44
50
56
53
53
49
48
51
41
56
44
53
63
51
50
53
43
61
51
51
65
56
48
59
49
47
57
58
52
49
46
62
63
53
54
61
43
54
60
42
53
53
53
45
48
43
44
48
41
57
45
51
55
61
51
56
48
60
57
55
56
71
60
59
59
74
74
53
51
56
54
62
59
46
62
42
54
54
54
52
52
50
57
45
46
62
51
44
66
60
58
47
54
70
51
55
54
56
56
63
59
60
63
54
57
78
58
78
68
72
74
71
74
61
48
66
64
45
60
55
64
57
57
56
53
42
55
55
48
47
55
35
45
47
49
49
49
54
49
49
61
57
52
55
60
54
56
55
51
44
46
44
66
59
56
58
36
43
45
46
50
57
54
46
60
62
46
49
51
49
50
34
65
47
59
50
38
44
38
38
50
58
44
65
47
51
69
57
52
55
57
57
52
50
51
58
56
68
59
56
49
50
55
58
62
55
60
57
42
39
52
42
66
53
59
53
49
47
62
64
43
51
50
60
43
60
44
65
58
52
51
65
57
90
96
129
211
327
418
593
865
1142
1457
2038
2395
2889
3258
3659
3955
3947
4000
3757
3402
3023
2557
2049
1625
1238
907
645
414
323
221
160
104
90
68
60
40
57
38
48
43
49
58
46
41
48
30
48
51
49
40
45
42
46
36
40
41
39
41
34
49
30
32
36
39
39
44
42
32
44
40
30
51
44
36
46
34
51
32
33
45
26
39
48
61
59
44
61
48
58
67
62
62
46
43
52
50
47
40
47
37
33
30
39
50
41
39
32
45
32
38
48
42
42
38
35
42
40
41
35
52
38
34
35
40
30
52
38
40
42
36
44
27
42
49
42
39
38
38
40
41
32
43
43
33
35
32
38
39
38
44
43
39
44
40
47
40
46
39
40
42
31
29
41
39
44
44
26
47
39
27
42
45
41
55
51
31
42
32
38
36
38
32
27
33
42
40
52
35
28
43
30
36
40
27
41
60
29
41
31
45
44
43
25
46
32
28
27
42
43
33
44
30
29
47
36
37
48
45
37
42
32
40
33
41
46
44
38
49
56
54
71
51
72
85
95
115
135
161
141
176
172
154
152
132
148
103
111
90
61
73
66
48
58
41
41
39
46
29
50
30
32
43
40
56
30
39
42
38
39
38
47
34
31
29
40
41
51
40
43
42
48
31
47
33
35
36
29
37
32
37
38
45
44
48
39
41
40
54
45
35
48
39
31
36
33
39
31
34
37
43
43
32
40
33
35
26
42
37
41
23
42
40
29
37
43
40
43
35
42
39
42
50
37
40
42
33
33
41
49
37
41
45
34
36
31
31
38
44
44
34
39
46
46
44
39
36
41
39
30
34
39
40
38
37
37
43
41
33
39
32
37
33
40
42
44
35
30
37
48
41
50
40
35
50
47
40
50
33
31
32
45
31
42
50
47
36
29
36
40
36
36
32
40
36
34
40
49
50
54
48
49
44
40
41
39
33
46
41
36
44
40
42
43
40
49
55
38
28
29
34
29
36
37
34
42
44
35
38
29
33
41
30
26
30
33
38
42
33
36
30
38
36
39
38
31
30
22
34
38
33
29
34
39
41
34
43
41
42
32
47
41
33
40
32
35
33
39
43
28
53
30
44
29
40
45
31
32
34
46
38
43
38
32
49
49
35
37
41
39
40
36
35
35
59
39
25
40
29
43
45
36
31
41
31
36
35
30
31
37
38
37
33
40
34
38
34
43
45
33
28
34
43
38
33
34
34
27
33
33
46
28
43
30
41
37
44
42
34
26
46
37
47
42
30
29
36
37
26
39
43
31
38
30
28
28
40
35
37
36
37
36
41
34
41
44
32
41
38
34
29
31
34
37
46
34
41
37
29
32
41
30
39
42
44
44
26
39
40
33
43
48
31
30
34
30
35
30
25
38
34
33
35
28
37
49
35
33
27
38
43
30
34
29
36
37
26
32
38
32
32
28
40
36
46
35
29
36
35
40
61
66
64
68
95
108
150
162
219
203
234
291
293
311
339
297
284
243
207
180
153
141
103
73
65
54
46
48
38
44
37
38
36
40
33
28
36
23
45
26
35
38
45
27
35
40
42
37
34
40
33
39
39
39
42
35
55
37
44
40
50
49
60
39
38
50
33
35
55
25
26
41
35
36
40
39
30
36
32
38
31
33
28
37
38
36
29
40
45
33
33
31
41
40
30
32
38
28
32
36
39
35
37
16
48
31
28
43
29
33
41
41
40
45
28
37
36
46
34
33
36
36
37
33
22
42
31
42
43
24
30
30
44
36
27
37
48
39
27
32
32
31
40
46
25
38
26
28
38
21
27
37
32
31
44
48
33
33
26
33
32
26
35
32
25
30
34
28
41
35
34
29
33
29
36
20
28
39
29
42
30
35
37
47
38
34
37
38
37
32
40
33
33
35
33
30
34
30
23
33
35
40
36
26
30
37
43
20
33
36
30
36
33
31
37
32
43
43
36
44
33
41
43
26
31
33
38
30
37
22
37
40
36
29
28
36
37
28
24
36
32
40
29
30
33
32
25
33
39
34
30
34
40
29
25
39
38
30
35
38
31
32
37
35
33
31
27
45
33
45
31
35
37
35
39
39
32
33
31
43
44
32
31
35
27
34
41
40
34
34
35
28
42
30
37
27
30
26
34
32
39
37
35
39
39
35
37
27
28
52
43
49
52
42
67
76
101
121
185
188
235
271
306
323
366
382
371
387
320
319
285
250
205
172
153
105
80
72
55
41
43
41
35
29
32
45
23
37
29
28
28
35
42
33
19
33
38
37
32
30
39
29
35
41
27
37
35
38
38
35
37
35
33
26
40
28
30
25
23
29
45
45
34
41
40
35
29
38
35
40
31
34
31
29
35
33
30
33
32
37
34
35
42
36
33
32
25
32
36
25
38
26
31
26
23
36
37
31
31
33
37
32
34
33
23
33
42
30
30
42
40
36
40
32
30
32
26
31
22
35
26
35
38
31
29
36
26
29
30
37
45
28
32
29
45
32
30
31
36
35
49
31
38
31
40
28
34
22
37
32
42
36
34
28
34
44
26
39
34
41
28
35
38
36
33
24
36
37
21
38
41
24
38
35
32
36
31
38
35
40
48
34
45
39
27
26
37
30
43
39
30
37
34
43
28
36
29
36
40
25
36
33
34
27
39
38
41
31
32
53
21
30
45
37
31
28
26
31
40
32
28
39
29
36
34
31
33
33
28
27
38
23
37
36
29
35
37
40
34
40
35
27
28
39
31
31
38
33
36
30
33
38
35
40
30
28
35
36
45
29
39
32
31
33
28
39
38
27
36
33
23
25
31
36
31
33
43
30
31
33
36
47
43
36
39
39
34
31
44
28
37
26
37
32
36
31
21
41
39
31
32
29
33
32
26
32
34
28
26
28
31
47
32
45
33
27
39
33
32
31
38
35
40
35
29
31
30
27
29
25
23
33
34
40
46
36
30
24
36
38
29
23
41
29
34
36
30
34
37
33
41
28
32
33
34
45
34
29
39
38
32
44
28
35
43
21
35
36
35
31
33
35
29
36
25
26
28
34
31
37
36
30
27
39
30
31
26
31
33
36
38
27
31
35
23
35
26
41
33
38
36
39
41
32
34
35
31
33
24
32
42
38
41
34
20
35
30
33
37
42
43
46
48
42
58
58
63
69
61
75
67
69
72
64
87
71
65
50
51
49
37
48
42
30
34
32
30
34
38
33
35
26
22
36
40
37
32
44
24
39
41
33
39
34
34
36
34
49
31
24
31
42
40
35
40
39
30
31
47
47
38
32
36
38
31
39
37
22
40
38
35
33
32
34
40
36
33
45
26
36
27
34
35
30
36
36
32
40
33
35
35
31
36
45
39
28
33
40
34
32
37
32
43
34
36
29
38
41
30
43
43
25
23
29
38
33
23
34
31
35
31
37
33
35
35
33
30
32
36
43
42
37
39
35
34
33
43
35
32
28
28
39
43
36
43
42
45
47
42
51
48
44
47
43
44
42
46
45
60
44
43
39
36
34
35
49
30
31
34
38
25
26
43
31
38
26
35
37
39
36
31
29
42
35
34
33
19
25
38
25
31
36
45
36
32
34
33
30
34
34
32
34
35
36
41
33
37
38
49
46
32
44
43
35
37
32
37
36
37
26
43
35
41
38
55
45
37
29
45
42
46
23
35
29
45
32
36
37
28
37
38
38
44
30
36
33
32
33
32
32
25
30
37
44
39
28
37
36
28
41
40
36
24
33
23
43
36
25
38
36
23
40
31
41
31
27
34
36
31
36
38
29
25
26
19
21
31
32
34
29
38
35
28
28
44
33
37
35
41
26
34
39
35
36
34
30
31
39
33
42
41
29
36
26
40
35
28
31
26
23
42
26
38
29
33
37
29
34
30
25
23
46
34
34
35
35
30
45
30
35
44
35
29
31
41
31
44
27
33
31
36
31
41
35
35
41
47
30
34
34
32
32
27
35
35
37
45
28
38
40
35
36
32
34
36
39
51
30
32
28
43
31
33
28
33
43
30
27
30
38
33
38
29
44
29
27
36
34
33
42
32
45
34
32
25
35
38
31
36
23
48
43
41
35
31
40
35
30
41
40
31
38
23
31
37
25
29
37
34
40
45
31
34
36
32
32
23
35
36
39
34
41
33
42
49
35
37
32
42
33
36
29
37
42
35
33
27
38
26
33
48
39
40
43
39
49
34
23
46
23
41
45
31
30
37
41
36
31
36
28
29
30
33
37
42
43
35
29
38
22
54
39
39
39
42
47
27
37
39
40
33
36
41
36
39
41
50
33
29
44
44
51
36
40
43
36
38
39
38
39
34
27
34
42
37
25
30
39
45
32
32
32
36
34
41
32
32
30
28
33
37
47
27
31
28
36
27
39
29
31
31
44
24
44
24
31
32
38
27
29
38
39
37
28
40
36
36
34
33
31
34
32
26
37
29
37
42
41
27
37
42
39
28
26
41
32
28
38
29
36
35
48
36
32
43
20
34
28
22
36
29
29
30
31
29
24
28
34
21
37
31
35
40
39
39
36
51
29
33
35
41
43
32
42
41
47
41
35
38
27
36
37
41
44
32
40
40
35
29
35
29
33
35
47
36
31
42
36
36
43
47
39
27
36
39
42
36
33
38
35
37
30
41
40
26
34
36
27
39
20
40
32
37
37
34
34
39
39
35
38
38
24
30
48
32
28
42
37
51
33
27
38
29
35
37
34
38
28
36
38
39
36
42
31
28
44
31
32
39
41
33
38
43
44
38
45
40
37
36
56
55
58
62
54
81
80
87
95
83
67
67
55
75
76
55
70
52
59
51
36
33
49
35
42
48
41
39
46
52
43
46
38
35
47
52
43
46
47
32
35
39
35
42
34
32
40
31
48
23
31
24
23
30
44
43
35
37
38
34
37
40
26
41
30
34
45
46
36
33
20
41
39
28
36
33
34
37
31
42
34
26
29
28
30
32
36
28
29
26
32
28
36
35
33
55
40
31
33
36
25
43
39
40
33
45
40
42
42
58
41
41
38
28
43
31
37
34
45
23
32
33
49
24
26
42
49
34
31
33
47
44
44
42
29
29
29
43
32
36
33
38
40
35
44
36
36
44
35
43
38
37
31
35
33
36
36
44
37
36
41
29
31
40
35
32
40
36
32
37
43
39
32
45
38
31
48
36
36
33
44
28
43
38
29
46
47
42
47
47
45
47
54
46
53
39
37
45
42
39
44
46
35
34
43
37
36
23
50
39
34
33
43
45
51
44
59
64
72
68
71
77
77
76
63
42
59
52
52
49
36
36
46
42
38
29
41
36
28
30
32
34
31
34
27
31
35
33
29
39
40
23
30
23
35
33
31
39
30
30
34
40
24
34
32
34
34
34
33
39
37
26
36
37
28
21
24
32
33
28
41
29
35
34
19
32
35
28
27
26
28
25
37
34
25
40
41
34
31
33
28
32
39
20
28
31
35
32
36
36
29
29
24
28
33
25
27
32
34
25
35
30
37
25
34
26
22
29
27
32
29
22
31
27
27
31
26
22
36
30
40
20
30
33
21
37
36
28
30
33
18
41
32
39
29
29
22
42
36
30
25
36
29
36
36
34
33
20
26
30
23
33
30
29
37
29
26
28
36
37
32
37
31
33
31
33
28
28
32
25
28
25
41
30
30
31
34
38
41
34
36
22
30
30
29
34
31
28
25
26
24
22
41
23
31
25
26
34
30
27
24
34
27
43
29
37
25
19
35
23
32
22
21
35
47
40
46
41
35
56
46
39
40
35
33
29
48
43
27
35
32
28
27
34
33
31
42
31
36
30
24
33
39
31
34
30
31
26
31
30
29
30
34
34
29
28
24
31
32
29
25
39
34
31
17
26
28
34
33
40
32
24
22
34
39
40
27
25
37
23
27
36
35
35
32
44
35
29
30
27
28
37
35
24
30
33
27
36
40
28
27
32
31
32
29
28
19
31
28
28
21
30
26
27
27
35
20
33
24
26
28
31
39
30
17
30
28
29
33
34
32
26
27
27
27
37
31
21
28
32
30
24
18
29
31
32
30
45
31
31
33
30
26
30
33
15
22
29
29
28
30
32
36
22
27
25
32
32
31
23
37
29
21
23
27
32
33
32
33
29
37
31
29
24
28
24
23
29
29
23
21
35
38
30
21
26
35
26
24
31
33
29
25
34
29
33
21
26
28
26
30
33
33
36
33
24
38
26
26
21
35
27
28
32
29
30
26
39
36
29
27
27
32
29
30
28
33
24
22
26
28
25
22
31
26
35
33
31
25
24
33
38
31
26
28
39
24
33
25
36
28
33
30
24
29
27
30
30
23
25
36
29
30
24
23
27
28
30
28
24
27
34
37
28
28
21
36
28
32
32
23
28
32
27
30
28
28
26
30
29
38
27
34
37
30
31
41
20
32
33
30
33
32
32
28
34
20
27
32
26
29
33
36
26
29
32
34
27
25
27
26
29
24
28
33
18
27
33
36
20
28
36
18
25
31
34
31
24
23
25
25
37
24
31
33
23
31
26
35
32
32
26
20
24
27
30
19
31
29
20
36
23
22
25
27
30
34
20
27
34
20
31
30
35
29
27
34
32
25
39
26
38
26
30
31
35
25
33
24
35
32
27
23
29
25
33
26
24
21
34
32
27
27
34
40
32
27
29
34
28
31
35
30
21
29
28
31
24
21
35
30
29
27
29
27
39
33
24
18
22
22
21
21
38
30
36
32
27
27
36
27
32
44
37
32
25
38
32
36
31
38
35
30
35
23
41
46
45
38
35
35
50
28
29
36
30
39
40
35
31
29
30
29
24
39
33
37
31
23
42
26
28
30
24
30
28
22
37
35
31
32
19
37
31
34
33
32
37
26
18
29
32
36
28
40
35
44
38
42
36
31
34
35
24
40
31
38
42
33
31
35
26
33
37
37
39
32
26
36
25
28
33
27
37
19
38
37
32
22
40
23
43
41
30
32
33
26
40
27
33
38
35
22
32
26
26
25
31
27
28
38
22
40
32
31
34
29
38
18
15
34
18
26
38
25
28
27
24
30
25
27
29
28
31
23
26
32
29
31
25
27
32
29
33
26
36
21
30
21
29
34
24
24
33
35
38
26
28
26
19
27
29
33
27
24
35
21
19
22
28
29
38
22
31
36
35
32
32
35
33
43
41
45
41
37
41
36
32
33
38
36
41
33
25
35
30
27
36
23
45
29
22
28
21
39
31
34
32
32
38
40
41
31
54
57
40
57
61
46
52
56
47
75
52
57
43
56
38
34
37
38
35
27
34
28
41
24
35
27
32
34
29
23
25
33
18
20
31
25
28
26
22
34
30
34
24
33
30
26
21
25
27
29
25
24
27
26
34
20
24
30
36
36
28
25
27
24
30
25
27
31
37
33
34
31
24
22
33
27
19
33
26
33
27
23
23
29
26
31
24
27
32
33
36
35
37
44
50
56
53
60
70
71
92
76
76
84
78
73
59
78
63
62
37
63
50
37
44
41
30
34
29
46
36
26
20
19
27
32
20
24
28
42
28
23
22
30
24
23
26
33
28
24
27
27
28
23
21
26
24
23
34
23
36
29
29
29
22
23
29
46
22
29
25
24
23
18
24
30
27
21
32
19
22
21
32
19
29
27
30
24
35
22
27
25
29
23
26
24
16
28
26
20
29
20
35
31
34
36
29
30
33
27
42
26
24
28
30
28
28
27
29
26
21
32
27
30
28
31
27
25
24
19
36
31
26
21
31
23
22
22
27
28
36
26
26
24
28
28
29
39
37
28
32
28
25
33
35
33
22
37
28
30
41
30
31
26
32
22
30
27
21
24
34
33
23
24
22
27
28
25
33
31
28
22
29
34
22
24
28
27
34
24
31
27
24
31
27
36
29
29
27
45
34
30
24
16
29
27
30
30
25
33
22
32
40
29
29
32
32
35
32
33
27
33
18
20
29
29
38
26
29
30
30
19
33
27
25
34
21
33
41
39
40
33
40
27
33
34
33
28
39
21
28
30
36
32
30
26
37
24
28
35
30
35
29
32
34
30
38
27
33
34
26
24
31
29
30
31
22
24
31
35
22
28
25
25
32
26
29
30
31
46
26
24
29
34
33
25
28
31
48
38
46
48
58
35
48
60
30
45
58
45
33
35
41
44
42
31
35
45
27
21
36
42
29
33
37
35
22
26
26
23
32
30
27
29
29
34
27
33
24
27
24
28
31
32
26
28
33
18
33
21
36
30
25
23
21
30
26
26
30
41
23
37
32
35
18
30
29
26
35
34
21
28
27
40
36
22
34
19
27
24
29
26
34
21
27
28
24
37
25
30
38
33
28
29
29
30
30
39
27
27
26
32
37
25
30
30
23
28
28
33
24
34
34
29
29
28
25
32
30
38
31
31
30
35
34
26
28
30
30
34
25
22
35
29
29
29
34
23
28
30
30
38
21
35
31
31
30
27
31
30
33
26
22
29
30
30
30
28
37
27
25
38
24
33
29
34
17
30
28
27
29
45
22
31
32
27
16
24
31
32
16
31
27
30
25
23
26
31
24
32
21
37
41
22
26
20
28
30
33
24
33
21
33
41
26
32
34
34
18
24
34
25
33
28
28
38
24
38
20
23
25
29
28
23
27
31
31
28
37
26
23
30
25
41
32
31
40
34
27
25
22
32
36
33
27
34
26
37
29
36
25
31
31
24
33
35
34
25
30
34
27
28
37
24
40
32
28
23
27
25
28
32
41
26
42
28
33
31
33
27
21
20
27
31
31
23
21
30
22
24
30
32
23
35
25
28
28
31
30
38
33
27
29
27
44
35
20
32
36
32
37
29
15
38
27
43
27
26
32
37
28
32
28
28
38
29
27
27
43
31
21
43
27
30
37
43
29
29
34
28
25
30
33
32
36
28
26
30
23
25
33
38
25
30
23
35
25
25
29
30
34
31
22
24
27
31
25
32
41
23
42
28
25
26
23
32
28
28
36
30
28
31
22
19
33
29
28
31
35
27
40
32
26
35
32
22
22
35
33
26
19
32
22
30
27
34
35
29
27
30
26
29
27
33
28
31
34
25
39
30
14
23
33
31
30
29
29
30
26
36
38
32
31
35
40
24
34
40
42
34
36
45
30
31
37
53
43
28
29
27
33
32
28
23
30
20
24
20
33
29
23
25
23
24
32
28
37
30
24
34
32
32
25
25
41
28
33
28
28
38
26
28
40
33
30
36
35
28
20
29
18
33
30
29
23
26
25
20
34
38
34
30
26
32
28
29
26
24
25
27
29
21
22
34
25
29
28
27
24
23
26
35
25
18
23
26
28
31
26
17
19
33
19
30
24
16
25
28
19
31
23
22
31
30
34
21
23
30
26
28
43
36
52
41
45
61
66
91
118
127
170
191
248
325
364
440
520
578
630
697
729
727
724
753
672
609
640
515
468
387
371
308
247
167
153
113
78
70
61
47
30
16
30
41
30
20
22
27
25
31
26
16
26
32
16
23
26
24
21
28
21
20
28
29
26
21
23
18
27
30
24
24
29
21
22
22
29
26
26
32
19
25
29
29
29
29
32
31
28
19
13
21
23
18
22
23
21
22
23
18
20
21
25
23
28
22
25
19
29
25
24
25
19
24
29
14
24
24
25
33
19
25
23
22
17
22
28
25
24
25
27
24
20
16
23
20
17
27
11
33
26
19
23
21
22
19
27
43
31
24
20
28
20
23
31
29
29
22
30
20
17
21
16
32
22
34
26
26
38
28
29
27
25
34
25
24
26
21
24
31
27
23
21
20
26
35
24
20
30
25
22
20
20
19
29
18
22
37
31
25
21
16
17
22
15
30
23
21
24
20
19
37
25
24
20
15
24
27
20
35
25
26
31
33
22
28
26
27
27
14
29
24
23
18
27
13
24
21
15
28
23
21
21
32
22
18
27
21
26
24
19
32
21
24
19
31
30
16
21
22
25
28
29
22
28
20
27
15
30
25
19
20
21
24
24
26
30
25
27
27
14
20
21
20
17
26
23
22
24
28
27
27
22
20
30
29
27
19
29
27
25
29
30
21
30
20
30
28
24
18
25
37
23
21
41
28
26
32
46
41
47
32
40
35
29
40
26
34
40
33
37
25
23
23
37
19
23
21
21
25
18
18
35
21
31
22
22
22
23
25
30
32
24
20
26
21
22
14
19
27
21
17
28
18
23
29
28
28
16
26
24
25
25
29
29
19
17
19
24
17
23
26
17
17
29
23
23
28
26
15
24
33
19
20
21
29
29
19
15
20
19
28
26
17
16
27
25
28
23
24
28
17
26
13
25
31
20
30
20
29
14
26
26
26
30
29
25
25
21
22
22
32
27
24
14
18
23
29
27
31
30
15
20
21
28
22
21
25
19
22
27
24
28
31
24
25
18
26
19
24
25
21
25
26
27
23
22
25
24
24
20
23
19
19
20
34
23
31
17
30
27
18
24
24
25
29
29
19
25
23
26
22
23
25
25
19
24
31
24
30
18
19
21
19
20
24
30
32
18
26
23
23
29
27
22
18
22
21
28
31
20
24
24
23
23
24
25
25
30
25
29
19
24
27
23
31
18
22
24
22
25
28
19
36
20
19
24
14
25
29
28
24
20
25
21
26
27
25
21
27
20
23
22
20
20
26
25
29
32
30
23
29
24
24
24
19
22
33
27
23
19
23
21
32
31
27
29
28
23
30
21
23
19
26
26
27
19
29
30
22
30
27
30
21
24
26
17
29
24
34
27
30
24
34
28
40
37
32
37
31
41
20
30
32
25
31
24
31
31
28
33
36
22
34
23
30
28
22
26
27
27
22
19
25
25
37
27
21
21
23
26
30
25
25
24
29
29
30
22
31
20
21
24
29
32
21
25
20
25
23
28
25
20
21
17
26
23
31
23
17
18
28
24
21
20
35
33
26
25
22
25
20
24
18
23
24
30
23
23
28
20
24
27
23
21
24
25
30
24
29
31
17
28
25
19
25
20
20
31
23
20
33
27
21
19
19
27
29
22
25
22
25
25
26
18
28
27
26
22
23
19
23
24
25
24
34
30
26
24
30
20
26
30
30
24
19
21
23
34
27
19
16
18
29
29
26
29
21
25
21
28
32
22
19
30
18
23
19
25
25
23
30
24
22
24
22
29
28
22
19
36
26
26
21
21
37
27
30
24
19
26
33
22
25
25
17
25
35
25
22
28
33
19
22
29
28
26
34
31
24
31
28
25
29
30
21
29
23
35
27
28
30
25
26
25
21
28
25
29
24
29
21
23
31
38
30
31
36
40
45
56
52
82
92
91
123
137
137
150
184
224
186
210
208
239
198
212
200
213
167
152
154
121
113
87
85
58
51
47
49
38
27
34
41
31
24
27
32
27
26
30
25
21
32
22
21
25
18
21
27
30
29
26
28
22
31
29
32
33
22
26
30
21
28
28
26
28
34
32
17
28
27
21
25
23
30
18
35
29
26
23
32
29
23
31
28
29
29
21
24
31
24
21
27
24
19
20
27
29
27
23
18
35
34
26
30
25
31
12
24
21
23
20
26
26
25
22
26
16
14
15
27
21
26
30
19
15
23
20
23
26
14
26
23
13
26
20
26
23
23
24
22
25
21
30
16
23
20
23
18
21
32
17
26
26
23
18
33
21
22
20
25
21
24
14
27
17
25
22
25
18
24
22
21
19
18
27
15
23
23
24
21
20
26
19
35
20
17
16
19
21
20
20
32
18
27
13
29
13
29
14
22
22
26
26
27
21
26
19
25
25
16
27
20
22
17
17
17
20
18
24
16
22
25
23
29
22
24
19
23
16
24
19
31
17
18
18
23
18
22
8
18
19
22
21
21
23
13
21
24
17
17
25
12
24
32
30
21
27
21
19
18
18
21
25
22
26
19
27
24
20
24
28
20
29
28
28
17
24
27
24
19
18
32
21
29
27
24
21
23
26
33
17
13
40
24
33
28
26
21
27
24
26
24
21
26
24
29
27
16
17
13
31
15
16
20
20
20
24
14
17
20
20
33
22
24
25
24
23
27
25
23
28
25
23
28
31
28
29
25
15
19
18
21
29
15
24
19
23
15
19
11
16
24
13
23
19
27
18
21
19
25
28
16
22
20
19
24
24
22
16
22
18
20
30
21
20
21
12
19
24
20
27
19
19
20
14
25
12
21
25
23
13
16
20
22
17
21
21
19
19
19
18
12
17
19
20
17
21
20
19
12
15
14
21
19
19
18
20
16
21
14
20
17
26
18
30
24
38
23
18
29
24
19
20
23
23
27
19
20
20
21
22
25
24
17
17
14
13
17
11
24
13
20
17
9
18
16
19
17
20
21
23
14
23
19
19
17
18
11
12
17
14
23
16
15
8
23
18
24
18
14
16
15
21
29
11
20
20
20
9
19
13
15
17
20
18
24
30
26
30
26
24
41
35
33
31
37
36
34
36
35
36
27
36
27
21
21
28
24
18
21
21
16
21
21
21
16
23
13
14
21
17
14
19
18
17
16
13
18
16
18
18
21
10
20
14
23
15
14
26
17
13
18
9
9
19
19
19
18
23
16
16
24
13
29
18
19
15
30
36
20
31
21
31
33
32
28
27
35
20
19
25
26
21
19
14
13
26
22
7
19
19
9
15
10
13
11
16
16
18
12
12
11
16
24
11
17
15
13
22
16
17
15
22
15
22
26
22
20
24
11
16
20
22
14
18
17
8
16
9
17
11
11
13
13
14
17
16
16
20
19
18
16
20
13
19
13
14
22
11
17
8
12
9
15
17
15
19
8
15
18
10
17
14
11
16
19
16
22
21
21
14
13
18
10
18
18
18
20
13
22
15
18
17
17
16
14
15
10
8
12
10
14
13
16
13
12
20
14
14
16
15
12
22
11
12
16
13
14
12
13
17
11
13
19
10
26
8
17
15
17
12
14
17
13
15
15
13
16
17
9
21
21
11
12
16
25
11
14
15
11
16
13
22
8
14
16
22
17
12
18
16
14
15
10
17
18
13
15
10
21
10
15
16
14
18
12
15
8
13
12
16
22
20
14
16
18
15
9
11
14
17
12
16
15
15
18
17
13
13
14
19
21
18
13
14
17
17
16
14
16
12
13
14
18
14
18
18
20
22
13
13
20
10
18
8
13
18
23
17
24
16
20
10
17
20
14
15
11
23
23
7
9
14
16
12
14
20
14
19
11
21
13
14
16
14
14
12
20
14
10
12
13
16
18
17
14
13
17
13
17
11
11
29
12
18
12
29
18
8
15
24
9
9
10
23
14
15
12
15
15
19
15
16
17
15
15
15
15
18
19
21
19
17
20
15
14
19
10
15
17
13
25
15
20
25
21
25
19
22
16
31
34
35
46
52
58
90
104
119
149
172
213
257
301
355
371
437
471
528
542
613
649
649
586
592
551
509
491
398
415
296
301
246
177
144
119
77
69
51
50
27
27
15
17
22
20
16
23
17
9
10
15
14
14
14
13
13
15
17
16
10
13
11
19
15
12
10
15
14
9
18
16
14
9
19
14
14
21
17
6
9
15
8
16
15
8
16
15
14
17
20
7
9
10
11
24
15
14
15
14
7
10
11
15
11
18
16
14
9
10
10
11
12
7
15
7
12
12
18
10
13
15
4
12
15
22
10
18
15
7
11
8
11
15
20
10
20
13
16
15
8
16
13
6
13
13
10
16
14
12
7
22
7
17
12
10
14
13
10
12
14
11
12
16
8
17
9
16
16
11
10
21
13
8
4
14
17
13
13
12
16
14
13
14
10
15
12
5
10
16
7
14
10
7
11
13
9
11
19
15
13
11
16
14
10
11
10
10
20
14
12
13
15
8
9
9
10
7
11
15
11
9
11
16
12
11
11
15
14
4
8
14
11
12
14
15
20
8
12
16
16
7
10
10
14
14
8
7
12
14
15
9
8
10
8
15
5
12
8
11
10
14
15
14
14
14
14
10
18
20
16
17
17
10
19
9
13
8
13
10
15
5
17
8
10
11
20
17
12
8
14
14
8
8
13
11
16
11
12
18
19
9
9
13
14
8
11
12
8
9
13
9
16
8
15
16
21
12
8
12
12
6
10
20
7
8
11
4
13
18
16
13
10
13
12
7
16
13
11
7
9
10
14
13
11
9
11
17
6
15
11
12
14
9
15
10
10
14
11
12
7
13
13
8
8
11
7
10
10
13
9
15
21
15
9
8
5
11
6
11
18
10
12
11
14
11
6
16
6
9
14
18
20
10
8
12
14
12
16
16
19
13
9
18
18
24
34
30
16
29
37
41
41
36
41
34
28
36
36
30
24
27
25
23
22
16
16
18
7
16
10
11
16
12
12
9
14
10
12
9
10
18
10
11
7
13
6
2
14
8
13
9
9
11
15
12
11
14
13
14
12
15
12
13
11
7
15
12
12
11
10
19
12
9
12
12
10
7
7
13
11
12
11
13
13
10
10
6
8
9
7
9
9
13
11
7
6
13
6
7
9
13
10
11
16
13
16
7
6
8
8
11
20
11
11
8
7
7
9
11
10
6
17
10
9
8
8
8
9
17
7
11
6
11
7
6
9
7
5
7
8
9
12
17
13
11
15
10
9
9
3
11
11
14
12
14
8
10
9
10
8
14
9
15
11
10
7
14
9
6
11
8
16
6
15
7
17
13
5
13
9
11
12
9
7
13
9
7
16
10
10
15
11
7
10
8
8
11
10
13
8
9
8
9
13
10
12
5
15
10
12
9
11
10
15
10
15
8
7
9
12
13
8
11
10
6
10
8
11
8
11
6
9
13
8
16
11
8
14
13
5
10
12
9
9
15
13
11
13
15
12
17
8
10
10
4
8
5
15
7
9
6
9
10
12
12
15
17
7
12
5
6
12
9
10
8
15
10
11
13
7
8
12
11
7
10
7
16
8
14
13
8
13
11
12
14
15
10
20
7
11
10
13
8
10
7
14
8
20
14
10
10
11
8
10
16
10
10
6
16
21
6
16
12
12
9
12
9
4
16
11
7
11
11
10
9
16
8
11
17
10
13
12
5
14
6
18
10
12
6
7
11
8
18
7
9
12
11
10
9
10
6
8
17
14
8
9
8
11
8
10
10
12
10
9
17
8
9
12
8
15
9
10
12
11
14
13
7
9
7
5
17
10
12
7
13
13
10
10
8
16
13
9
10
10
18
12
9
8
16
15
6
14
16
12
8
12
16
7
6
9
13
23
7
10
14
10
10
8
9
5
17
12
12
13
10
10
11
17
8
11
11
4
11
8
16
12
12
12
11
10
8
6
8
11
13
10
10
6
9
13
7
7
12
10
12
14
6
10
14
11
8
6
12
13
11
12
15
6
9
13
11
8
6
9
7
8
9
6
10
12
9
12
11
8
14
9
10
14
10
13
8
14
13
5
11
7
14
10
14
8
7
14
7
16
18
8
5
10
16
10
13
11
16
7
10
6
11
10
9
6
17
14
9
12
6
10
10
13
12
11
9
8
11
12
14
3
3
13
11
11
8
20
14
12
17
12
8
9
11
13
10
12
10
8
6
8
17
12
11
12
12
6
13
11
12
14
16
8
11
12
15
15
11
12
9
3
9
13
10
8
14
8
8
13
14
12
13
9
15
14
11
9
9
13
10
17
8
10
8
6
7
12
12
4
10
14
20
6
16
9
10
10
9
6
8
11
11
8
9
13
7
11
10
9
13
5
10
11
13
9
7
7
11
9
9
13
15
8
13
12
7
10
13
14
9
14
7
6
12
10
12
8
5
13
10
22
10
13
2
11
9
13
14
10
9
12
15
11
15
14
9
14
19
9
12
8
6
8
9
5
11
13
8
15
14
13
10
8
8
10
10
6
16
9
16
11
11
18
13
11
11
19
9
8
8
11
10
9
8
9
15
17
8
13
15
15
10
10
11
17
4
8
12
18
13
10
13
14
16
11
15
11
16
15
12
9
9
16
15
19
14
13
12
12
12
21
9
10
35
23
18
43
50
46
36
76
86
95
122
137
171
195
206
252
252
303
293
361
366
401
371
375
399
404
343
312
295
249
227
172
171
126
106
83
67
67
26
32
33
26
30
18
19
20
38
28
30
28
48
46
57
53
61
57
66
68
60
62
75
66
68
62
64
62
58
45
41
28
19
18
21
25
15
17
16
19
15
15
9
9
11
15
12
9
8
14
10
12
10
7
12
9
8
19
10
10
14
13
8
12
17
7
11
7
9
13
7
6
16
19
19
13
16
16
10
6
11
14
9
6
13
12
11
15
10
5
15
7
9
20
10
12
12
16
13
6
11
9
15
15
15
11
12
11
11
11
18
10
14
10
13
8
13
7
11
12
14
8
8
8
12
9
14
15
10
8
7
5
15
7
5
8
12
10
14
6
15
10
9
17
15
13
10
13
11
7
11
12
8
11
10
17
8
11
8
13
15
8
8
12
8
12
7
15
11
13
12
11
5
9
8
14
11
10
14
11
11
12
10
15
13
13
15
12
11
16
17
10
14
15
12
15
13
21
14
12
22
19
12
10
23
22
25
23
22
24
25
27
35
39
40
43
67
70
71
108
106
124
148
190
187
236
281
329
374
405
445
421
488
494
471
506
489
482
425
353
318
330
276
265
179
151
137
95
99
60
45
54
31
22
21
22
17
17
8
6
11
5
13
17
10
8
16
20
9
8
5
10
7
8
8
8
8
10
11
13
11
13
2
9
9
10
3
8
7
10
8
14
5
15
9
10
7
8
18
11
14
7
12
11
11
12
11
13
13
16
13
10
9
10
12
18
9
18
9
10
9
12
9
14
8
14
12
12
12
12
9
12
7
8
5
14
9
11
15
15
9
13
12
13
11
11
9
15
10
13
17
12
18
11
12
10
14
12
8
13
11
5
9
8
11
7
11
11
9
11
13
13
10
19
10
12
13
11
9
7
10
9
10
16
8
10
10
12
7
9
9
11
11
9
12
18
7
11
16
13
11
12
10
11
11
7
10
9
13
5
17
12
13
13
10
10
17
10
7
13
8
11
14
8
4
13
19
8
13
7
10
15
13
13
9
11
14
9
15
12
8
14
13
5
8
12
10
9
9
8
16
10
12
9
14
17
8
12
11
9
13
18
13
16
8
12
12
11
7
13
12
18
9
13
8
12
13
12
13
10
9
10
8
18
5
6
9
16
14
18
10
8
3
12
9
14
11
6
13
13
12
6
15
7
7
13
11
9
9
15
13
12
10
12
14
13
12
9
4
8
9
15
10
7
13
14
12
7
8
11
11
11
8
10
6
8
18
16
16
12
15
13
7
11
11
12
13
15
5
11
4
9
7
12
13
8
10
9
10
10
8
19
10
8
9
15
11
11
10
10
7
13
7
7
15
7
17
7
11
14
9
13
6
11
10
12
10
11
14
17
16
13
12
6
12
15
12
15
13
21
14
16
9
6
11
16
7
14
11
10
9
14
11
13
10
9
10
12
11
6
6
18
11
14
9
9
9
9
9
11
9
18
19
12
8
12
10
6
9
12
8
17
12
17
14
12
16
13
13
11
13
15
14
23
16
13
16
9
7
14
19
15
8
14
20
12
7
9
13
14
11
9
13
11
6
15
13
15
15
14
8
7
14
14
8
13
14
17
12
9
13
13
13
13
11
16
13
11
9
14
10
15
12
16
16
19
18
9
17
14
18
15
9
17
7
16
18
14
8
17
16
13
12
12
9
5
11
4
15
17
10
13
11
10
17
7
14
13
12
10
14
18
16
7
17
18
8
7
13
8
25
15
18
15
12
17
15
9
14
10
9
12
16
13
13
19
11
15
10
17
20
12
13
15
9
14
20
17
13
11
14
17
14
7
16
13
8
10
16
14
8
18
19
14
14
17
9
14
17
14
18
11
15
15
24
28
28
18
30
17
27
30
24
26
19
36
38
25
27
42
29
26
27
27
11
24
16
16
14
14
12
12
10
15
12
16
15
20
12
8
13
16
14
14
11
15
17
16
12
21
11
11
13
8
16
10
12
13
10
21
9
6
10
9
14
18
7
11
14
11
12
12
12
11
13
10
10
12
17
17
15
16
13
21
17
7
11
11
8
13
8
17
18
14
19
13
18
14
14
15
12
9
10
17
17
10
6
11
17
11
12
7
15
20
17
13
15
12
18
10
18
16
14
9
18
11
17
7
10
11
9
11
14
12
10
15
14
17
13
12
17
11
11
13
15
13
14
8
10
14
13
11
8
10
12
13
15
16
13
14
13
11
14
14
13
10
9
13
8
13
11
11
11
12
12
14
17
8
13
12
12
13
14
10
13
10
10
11
7
11
7
3
10
8
15
9
6
10
8
12
10
12
8
8
7
4
12
10
4
9
10
9
4
12
9
17
9
8
16
11
7
5
12
14
8
12
8
12
10
11
2
11
10
10
4
6
10
8
13
15
15
11
7
8
6
10
7
10
10
14
3
5
6
9
18
9
4
6
4
5
6
9
10
6
7
6
14
7
11
6
7
3
7
8
6
8
4
4
8
7
12
6
11
8
6
11
7
10
9
9
8
5
8
10
9
8
3
5
7
7
6
2
8
11
7
6
4
11
9
6
7
8
6
7
5
6
3
14
6
8
4
9
6
6
8
10
7
7
7
8
9
8
10
7
3
4
6
9
8
8
6
11
7
12
9
9
10
5
5
9
6
7
9
10
7
10
7
5
8
7
14
4
5
7
4
10
8
4
14
8
10
11
8
8
14
12
15
11
19
18
9
22
20
22
31
39
37
40
41
43
50
55
56
59
54
49
57
40
44
25
27
39
41
34
32
22
18
18
20
17
8
10
8
13
12
11
7
4
4
8
6
5
3
10
7
5
4
6
6
9
7
6
10
6
7
4
8
8
3
3
8
7
6
9
7
2
5
6
5
3
3
7
9
8
8
6
9
4
9
6
10
6
10
8
10
9
10
9
5
2
5
3
4
7
7
4
12
5
5
5
6
6
9
6
6
9
5
3
7
9
4
10
7
11
7
8
6
11
8
7
4
6
5
7
4
4
8
7
6
8
12
10
7
7
2
2
4
5
10
10
5
4
7
9
5
10
10
5
8
5
7
15
5
5
7
6
5
4
8
8
6
10
9
4
7
8
6
6
6
8
4
7
6
5
5
6
6
4
7
6
8
11
5
3
4
2
6
8
6
9
5
9
8
4
8
9
3
9
8
2
4
10
8
7
5
1
5
5
8
10
4
11
7
7
7
4
8
6
6
7
9
6
4
6
6
6
5
3
3
3
2
7
7
6
8
13
8
7
4
8
3
11
12
5
6
10
6
4
8
9
9
3
9
8
7
3
10
10
8
8
5
7
12
4
10
5
7
6
10
2
7
6
8
14
6
4
2
7
9
3
2
9
8
5
5
2
5
2
14
1
8
8
6
5
4
4
9
7
2
6
6
8
7
9
6
5
3
7
10
8
6
11
6
10
2
10
6
4
5
2
4
4
2
4
7
9
4
10
4
5
7
8
2
4
4
13
6
5
6
6
4
5
5
5
4
4
6
5
9
5
7
6
10
7
18
8
9
7
8
8
20
8
9
8
9
10
11
8
6
14
5
10
10
10
10
10
8
5
11
5
7
6
0
11
6
3
8
5
7
8
2
15
5
6
5
4
8
3
3
8
4
3
9
11
8
5
8
3
2
1
10
5
5
6
1
4
2
1
6
9
4
4
2
4
6
3
2
9
4
4
5
8
5
7
4
7
5
5
4
9
5
6
7
9
8
3
8
2
4
5
2
1
5
3
2
3
5
7
2
5
6
3
6
6
7
7
8
8
7
11
1
7
8
8
5
5
4
3
6
5
4
3
4
8
6
10
8
6
1
6
8
5
4
4
2
7
9
8
0
4
6
5
4
1
5
4
1
1
6
1
5
2
4
2
7
4
4
0
7
5
2
4
4
5
6
3
3
3
4
5
2
3
7
0
1
2
1
6
3
3
7
1
5
3
7
6
3
5
3
5
5
2
1
5
2
3
5
3
6
5
2
1
1
7
4
5
4
1
5
6
5
3
2
5
4
3
5
3
4
5
9
4
2
2
3
5
7
5
5
4
4
2
2
7
6
3
3
6
2
4
7
3
3
2
4
5
6
3
2
7
3
5
7
6
2
2
7
3
4
2
3
3
4
4
4
2
4
3
1
3
2
5
3
3
6
6
4
2
4
3
3
2
3
8
4
7
8
5
6
5
3
7
3
2
4
6
5
3
0
3
0
4
5
2
1
4
3
3
4
9
7
4
3
2
2
6
7
1
2
0
3
5
2
1
5
3
2
6
5
1
4
3
4
4
3
4
2
4
1
6
2
7
3
1
2
3
3
2
0
4
3
2
3
4
1
2
5
3
0
4
4
1
3
4
2
2
1
1
3
3
2
1
2
1
6
1
4
3
5
4
2
1
2
1
2
2
1
6
4
3
4
4
3
2
2
2
0
2
5
3
4
6
7
8
2
4
2
6
3
7
6
5
4
3
2
3
4
6
5
6
6
4
7
2
5
3
3
5
3
2
5
1
4
3
4
2
2
1
0
2
2
2
2
4
4
6
6
4
8
2
4
2
3
2
5
9
7
7
9
10
15
12
29
28
24
26
30
33
45
37
34
38
39
43
33
51
52
49
43
53
41
36
23
16
21
16
15
14
12
11
4
8
7
3
3
3
3
5
2
2
1
1
1
1
2
0
0
1
2
1
0
1
4
1
1
1
1
1
6
2
2
1
3
4
1
1
9
3
3
4
6
4
1
2
3
4
2
2
2
0
1
2
2
0
2
2
7
1
2
2
1
6
2
2
0
1
4
0
2
4
5
2
1
3
1
1
0
1
5
4
2
3
5
2
5
2
1
2
4
1
0
2
3
2
1
3
3
2
4
2
1
3
3
2
2
3
3
4
2
3
2
1
0
2
3
2
1
4
1
1
1
1
0
3
3
5
3
2
1
0
4
1
0
2
1
1
1
2
3
1
1
2
2
1
3
2
0
0
3
3
0
2
2
4
1
3
1
0
0
2
1
2
5
1
1
2
1
0
1
0
1
4
1
1
2
2
2
1
3
1
3
1
1
5
4
1
2
3
1
2
2
0
2
2
2
2
2
1
3
2
3
3
2
1
2
2
1
3
1
3
1
1
1
0
4
4
1
2
1
3
0
0
2
1
0
0
1
1
1
4
3
0
1
0
1
2
1
3
0
2
0
1
3
1
1
3
1
0
2
1
0
1
1
3
1
1
1
1
4
0
2
4
3
2
2
3
0
0
0
3
0
2
3
1
1
3
4
1
1
1
2
3
5
6
6
6
5
8
2
5
10
6
10
13
12
9
15
7
15
18
9
13
16
15
12
22
11
15
14
14
6
9
11
6
7
4
3
6
3
3
3
2
2
1
3
0
1
3
0
0
2
3
0
2
4
0
2
2
2
1
1
0
2
3
1
2
0
0
5
2
0
1
1
0
0
2
0
0
0
0
1
1
0
1
1
3
0
3
2
1
2
1
2
0
2
3
0
2
1
3
2
1
1
2
1
2
0
2
0
0
1
0
0
1
1
1
0
1
0
0
0
4
2
2
4
2
5
0
3
0
1
2
5
1
1
2
2
2
0
1
2
1
1
0
0
2
1
1
2
4
1
2
0
1
0
3
0
0
1
2
0
0
1
0
1
1
4
3
1
2
0
5
1
0
0
1
0
1
3
3
3
4
1
0
1
1
3
1
0
1
2
0
1
3
2
1
0
1
1
0
1
3
0
0
0
0
1
3
2
0
1
1
1
0
2
3
2
0
0
2
1
1
1
0
3
0
0
0
1
1
2
2
5
1
2
2
1
2
2
2
2
3
1
1
0
1
2
0
2
1
0
0
1
4
0
2
0
1
3
1
0
2
1
1
0
0
2
1
2
1
0
1
0
2
2
4
2
1
1
1
0
2
2
1
1
1
0
0
1
0
2
1
1
2
1
3
0
1
0
2
2
0
4
0
1
1
0
2
1
2
1
3
3
3
3
3
5
1
3
3
6
2
2
2
3
1
2
1
4
5
1
2
1
1
2
2
1
0
0
0
0
0
2
1
0
1
0
3
0
1
2
2
3
1
2
0
0
2
1
1
0
2
2
2
0
1
0
2
2
0
0
0
0
1
2
0
1
1
1
0
2
1
4
1
1
1
0
1
0
2
2
3
1
1
1
0
3
2
2
1
0
0
0
1
1
1
0
0
1
1
0
1
1
3
0
0
0
1
1
1
1
0
0
1
1
0
2
3
0
1
1
0
1
3
1
0
1
2
2
2
2
0
5
0
0
2
4
2
2
1
2
2
0
0
0
2
2
0
4
2
3
0
0
0
1
0
1
3
0
1
2
2
6
1
0
1
2
6
0
0
1
2
1
1
1
2
2
4
0
0
0
2
2
1
1
3
0
1
1
2
1
0
3
1
1
1
0
1
1
0
0
0
1
1
0
2
0
1
0
1
1
1
1
1
2
1
0
1
0
1
0
2
4
3
2
1
2
0
1
1
0
1
3
0
2
0
1
0
1
0
0
0
0
0
3
2
0
0
2
2
0
2
3
1
1
1
2
2
0
1
1
1
0
0
0
1
0
0
2
1
0
3
1
1
1
1
1
0
0
2
0
2
2
0
2
1
0
1
0
2
2
1
1
1
1
5
1
1
0
2
1
0
0
2
0
1
0
2
0
1
1
1
2
0
1
1
1
0
0
1
1
0
1
2
3
1
0
0
1
1
0
1
0
3
2
3
0
2
2
2
4
0
0
0
3
2
1
3
1
1
1
1
1
3
2
1
0
3
2
3
0
4
4
2
3
0
3
1
3
5
1
2
0
0
3
1
3
4
2
2
1
2
2
5
2
1
1
4
1
4
2
2
3
2
4
7
3
8
9
7
9
9
6
19
20
18
23
32
36
35
56
61
77
114
100
117
163
182
192
255
262
297
334
368
437
430
495
491
494
523
565
500
530
455
471
457
437
382
323
319
238
213
181
151
115
84
69
57
43
19
29
14
15
8
9
4
3
4
0
2
1
1
2
0
0
0
1
1
0
2
0
0
0
0
0
1
0
0
0
0
0
1
2
1
0
0
1
1
0
1
0
1
1
0
0
0
0
1
0
0
0
2
0
0
0
0
0
0
0
1
1
1
1
1
0
0
1
0
0
0
1
1
0
0
0
0
1
0
1
0
1
0
0
0
2
0
1
1
1
0
0
0
0
1
1
0
1
0
1
0
0
0
1
1
1
0
0
0
0
1
0
0
0
0
0
0
1
0
1
1
2
0
1
1
1
1
0
0
0
1
0
1
1
0
0
0
0
0
0
0
0
0
2
0
0
0
0
0
1
0
1
0
0
0
1
1
0
0
0
1
2
0
0
0
2
0
0
0
0
0
1
1
1
1
0
0
0
0
0
0
0
0
0
0
0
0
1
1
0
1
0
1
0
0
0
0
1
0
0
0
0
0
0
1
0
0
0
1
0
0
0
0
1
0
0
0
1
0
0
1
1
0
2
0
1
0
0
0
0
0
0
0
0
0
1
0
0
0
0
0
0
0
0
0
1
2
0
0
2
0
1
0
0
0
0
1
0
0
1
0
1
0
0
0
0
0
0
0
1
0
1
0
0
0
1
0
0
0
0
0
1
0
0
1
0
0
0
1
0
0
0
1
0
2
0
0
1
0
0
0
0
0
0
2
0
0
0
0
0
1
0
0
0
1
2
1
0
0
1
0
0
0
0
0
1
0
1
1
0
0
0
0
0
1
1
0
3
0
1
0
1
0
0
1
0
1
0
1
0
0
0
0
0
2
0
0
0
0
0
0
2
0
0
2
0
0
1
0
1
1
0
0
0
0
0
0
0
0
1
2
0
1
0
0
0
1
0
1
0
0
1
1
0
0
1
0
0
0
0
0
0
1
0
2
0
0
0
0
0
0
1
0
0
0
0
3
0
0
1
1
0
0
1
0
0
2
0
0
2
1
2
2
1
1
1
3
4
1
3
4
3
5
6
12
10
13
7
11
14
17
9
7
16
12
16
15
17
14
13
4
11
6
1
5
7
8
6
13
10
10
9
20
15
22
24
26
20
20
27
20
23
33
26
28
34
21
30
24
25
19
21
21
13
13
18
7
6
6
3
4
6
3
0
0
3
0
1
0
0
0
0
2
0
0
0
0
0
0
0
0
1
0
0
0
1
0
0
0
0
1
0
1
0
0
0
1
0
0
1
0
0
0
0
1
0
1
2
1
0
0
0
0
1
0
1
0
0
0
0
0
0
0
0
0
0
0
0
0
0
0
0
0
0
0
0
0
0
0
0
1
0
0
1
0
1
0
1
1
0
0
0
0
0
0
0
0
0
2
0
0
1
0
0
0
1
0
0
0
0
0
0
0
0
0
0
0
0
1
0
0
0
0
0
1
0
0
0
1
0
0
0
0
0
1
1
0
0
1
0
2
0
1
0
0
1
0
0
1
0
0
1
0
1
0
0
0
1
0
1
1
1
0
0
0
0
1
0
0
0
0
1
1
0
0
0
0
0
1
0
0
0
0
0
0
0
0
0
0
0
0
0
0
0
0
0
1
0
0
1
1
0
0
0
0
0
0
0
0
0
1
1
0
0
0
0
0
0
0
0
0
1
0
1
0
0
1
0
0
0
0
0
1
0
0
0
1
0
0
0
0
0
0
2
0
0
1
0
0
0
0
0
0
0
0
0
0
0
0
0
0
0
0
1
0
1
0
0
0
0
0
1
1
0
0
0
1
0
0
0
0
0
1
0
0
0
0
1
0
0
0
0
0
0
1
0
0
0
0
0
1
1
0
1
0
0
0
1
1
0
0
2
2
1
1
0
1
0
2
0
0
0
1
1
0
0
0
0
0
0
0
1
0
0
1
0
0
0
0
0
0
0
1
0
1
0
0
1
0
0
0
0
0
0
0
0
0
0
0
0
0
0
0
0
0
0
0
1
0
0
0
0
0
0
0
0
0
0
0
1
1
1
0
0
0
0
0
2
0
0
0
0
0
1
0
0
0
1
0
0
0
0
0
0
0
0
0
0
0
1
1
0
0
0
1
0
0
0
0
0
0
0
0
0
0
0
0
0
1
0
0
0
0
1
1
0
0
0
0
0
0
0
0
0
2
1
1
1
0
2
1
2
0
0
0
0
0
0
1
0
1
0
0
0
0
0
1
0
1
0
0
0
0
0
0
0
0
0
1
0
1
0
0
0
0
0
0
0
0
0
0
0
0
0
0
0
0
0
0
0
0
0
0
0
0
0
1
1
0
0
0
0
1
1
0
0
0
0
0
0
0
1
0
1
0
0
0
0
0
0
0
0
0
0
0
0
0
1
0
0
0
0
0
1
1
0
0
0
1
0
0
1
0
0
0
0
0
2
0
1
0
0
0
0
0
0
1
0
0
0
0
1
0
0
0
0
1
0
0
0
0
0
0
0
0
1
1
0
0
2
0
0
0
1
0
0
0
2
1
0
0
1
0
1
3
2
1
1
5
4
2
2
2
3
1
3
6
2
4
4
8
4
5
8
7
10
10
3
6
5
9
8
4
1
1
1
4
1
2
0
0
1
1
2
1
2
0
3
1
0
1
0
0
1
0
0
0
1
0
0
0
0
0
0
0
0
0
1
0
0
0
0
1
0
0
0
0
0
0
0
0
0
0
0
1
0
0
1
1
0
0
0
0
1
0
3
0
1
0
0
0
0
0
1
0
0
0
0
0
0
0
0
0
0
0
0
0
0
1
0
0
0
0
1
1
0
0
0
1
0
0
0
1
0
2
0
0
0
1
0
0
0
0
1
0
0
1
1
0
0
0
0
0
1
0
0
0
0
0
0
0
0
0
1
0
0
0
0
1
1
1
1
1
0
0
0
0
0
0
0
0
0
1
0
0
1
0
0
1
1
0
1
0
0
0
0
0
0
1
0
0
0
0
0
0
0
0
0
0
0
0
0
0
1
0
1
0
0
0
0
0
1
0
0
0
0
0
1
0
0
0
0
0
0
0
0
0
0
1
0
0
0
0
0
0
0
0
0
0
0
1
0
0
1
0
0
0
0
0
0
0
0
0
1
0
0
0
0
0
0
0
0
0
0
0
0
1
0
0
0
0
0
0
0
0
2
0
0
0
0
0
0
0
0
0
0
0
0
0
0
0
0
0
0
0
0
0
0
0
0
1
0
0
0
0
0
0
0
0
0
0
0
0
0
0
0
0
1
0
0
0
0
0
0
0
0
0
0
0
1
0
0
0
0
0
0
1
1
0
0
0
0
0
0
0
1
0
0
0
0
0
0
0
0
0
0
1
0
0
0
0
0
0
0
0
0
0
0
1
0
0
0
0
0
0
0
0
1
0
0
0
0
0
0
0
1
0
1
0
0
0
2
0
0
0
0
0
0
0
0
0
0
0
0
1
0
0
0
0
0
1
0
0
0
0
0
0
0
0
0
0
0
0
0
0
0
0
1
0
0
1
0
0
0
0
0
1
0
0
0
1
0
0
0
0
0
0
0
0
0
0
0
0
0
0
0
0
1
0
0
0
0
0
0
0
0
1
0
0
0
0
0
0
1
1
0
0
0
0
2
0
0
1
0
0
0
0
0
0
0
0
1
1
0
0
0
0
0
0
0
0
0
1
0
0
0
0
1
1
0
0
0
0
1
1
0
0
0
0
0
0
0
0
0
0
0
0
0
0
0
0
1
0
0
0
0
0
0
0
0
0
0
0
0
1
0
0
0
0
0
0
0
1
0
1
0
1
0
0
0
0
1
1
0
0
0
1
0
0
0
1
0
0
1
0
0
2
1
0
0
1
1
0
1
1
1
0
1
0
1
1
2
0
0
0
0
0
0
0
0
0
1
1
0
1
0
1
1
0
0
1
0
0
0
1
0
0
0
0
2
1
3
0
1
1
1
0
0
0
1
0
1
4
0
1
2
1
0
1
0
0
0
1
0
0
0
0
0
0
1
0
0
0
1
0
0
0
0
0
0
1
0
0
0
0
0
0
0
0
0
0
2
0
0
1
0
1
0
0
0
0
0
1
1
0
0
0
0
0
0
0
0
0
0
0
1
0
0
1
0
0
0
1
0
0
0
0
0
0
0
0
0
0
0
0
0
0
0
0
1
0
0
0
0
0
0
0
0
0
0
0
1
0
0
0
0
0
0
0
1
0
0
0
0
0
0
0
0
0
0
1
1
0
0
0
0
1
0
0
0
0
0
1
0
1
0
0
2
0
0
0
0
0
0
0
1
0
0
1
0
1
1
0
0
0
0
0
0
0
0
0
0
0
0
1
0
0
0
0
0
0
1
0
0
0
0
0
0
0
0
0
0
0
0
0
0
0
0
0
0
0
0
0
0
0
1
0
0
0
0
0
0
0
0
0
0
0
0
0
0
0
0
0
0
0
0
0
0
0
0
0
0
0
0
0
0
0
0
0
0
0
0
0
0
0
0
1
0
0
0
2
0
0
0
0
0
0
0
0
0
0
0
0
1
0
0
1
1
0
0
1
1
1
1
0
0
0
0
0
0
1
0
1
0
0
1
0
2
0
0
0
0
1
0
0
1
1
0
0
0
0
0
0
0
0
0
0
0
1
0
0
0
0
0
0
0
1
0
0
0
1
0
0
1
0
0
1
0
0
0
0
0
0
1
0
0
0
0
1
0
0
1
0
0
0
1
0
0
0
0
0
0
0
0
0
0
0
0
0
1
0
0
0
1
0
2
0
0
0
0
0
0
0
1
0
0
1
0
1
0
0
0
0
0
0
0
0
1
0
0
0
1
0
0
0
0
0
0
0
0
0
0
0
0
0
0
0
0
0
1
0
0
0
0
0
1
0
1
0
0
1
0
0
0
0
0
0
0
0
0
0
0
1
0
0
0
0
0
1
0
0
0
0
0
0
0
0
0
0
0
0
0
0
0
0
0
1
0
1
1
0
1
0
0
0
0
0
0
0
0
0
0
0
0
1
0
0
0
0
0
1
0
0
1
0
0
0
0
0
0
1
0
1
0
0
0
0
0
0
0
0
0
0
0
0
0
0
0
1
2
0
0
0
0
0
1
1
0
0
0
0
0
0
0
1
0
0
0
0
0
0
0
1
0
0
0
1
0
0
0
0
1
0
0
0
0
0
0
0
0
0
1
0
0
0
1
0
0
0
0
0
0
0
0
0
0
0
0
0
0
0
0
0
1
0
0
0
0
0
0
0
1
1
0
0
0
0
0
1
0
0
0
0
0
0
1
0
0
0
0
1
0
0
1
0
0
0
0
1
0
0
0
1
0
0
0
0
0
1
0
0
1
0
0
0
0
0
0
0
0
0
0
0
0
0
0
0
0
0
0
0
0
0
0
0
0
0
0
0
0
0
0
0
0
0
1
0
0
0
1
0
0
0
0
0
0
0
0
0
0
0
0
0
0
0
0
2
0
0
0
0
0
0
0
0
0
0
0
0
0
1
0
0
0
0
0
0
0
0
0
0
0
0
0
0
1
0
0
0
0
0
0
0
0
0
0
0
0
0
0
0
0
0
0
0
1
0
0
1
0
0
0
0
0
0
0
0
0
0
0
0
0
0
0
0
0
0
0
0
1
0
0
0
0
0
0
0
0
1
0
1
0
0
0
1
0
0
0
0
0
0
0
0
0
0
0
0
0
0
0
0
0
0
0
0
0
0
0
1
0
0
0
0
0
0
0
0
0
0
1
0
1
0
0
1
0
0
0
0
1
0
0
0
0
0
0
0
0
0
0
0
0
0
0
0
0
0
0
0
0
0
1
0
0
0
0
0
1
1
0
0
0
0
0
0
0
0
0
0
0
0
0
0
0
0
1
0
0
0
2
0
0
0
0
1
0
1
0
0
0
0
0
0
0
0
0
0
0
0
1
0
1
0
0
0
0
0
1
0
0
0
0
0
0
0
0
0
1
0
2
0
0
0
0
0
0
0
0
0
0
1
0
0
2
0
0
0
0
0
0
1
0
0
0
0
0
0
0
0
0
0
0
0
0
0
0
0
0
0
0
0
1
0
0
0
1
0
1
0
0
0
0
0
0
0
1
0
1
0
0
0
0
0
0
0
0
0
0
0
0
0
0
0
0
0
0
0
0
0
0
1
0
0
0
0
1
0
0
0
0
1
0
0
0
0
0
0
0
1
0
1
0
0
1
0
0
0
0
0
0
0
0
0
0
0
0
0
0
0
0
0
0
0
0
0
0
0
0
0
0
0
0
0
0
0
1
0
0
0
0
0
0
0
0
0
0
0
0
0
0
0
0
0
0
0
0
0
0
0
0
0
0
0
0
0
0
0
0
0
0
0
0
0
0
1
0
0
1
0
0
0
0
0
0
0
1
0
0
0
1
0
0
0
0
0
0
0
0
0
0
0
0
0
0
0
0
0
0
0
1
0
0
0
1
0
0
0
0
0
0
0
0
0
0
0
1
0
0
0
0
0
0
0
0
1
0
0
0
0
0
0
0
0
0
0
0
0
0
0
1
0
1
0
0
0
0
0
1
0
0
0
0
1
0
0
0
0
1
0
0
0
0
0
0
0
0
1
0
0
0
0
0
0
0
0
0
1
0
0
0
0
0
0
0
0
0
0
0
1
0
0
0
0
0
0
0
0
0
0
0
0
0
0
0
0
0
0
0
0
0
0
0
1
0
0
1
0
0
1
0
0
0
0
0
0
773
