0
0
0
4
0
0
1
4
0
4
2
0
0
1
2
0
1
2
0
0
0
1
1
0
1
0
0
0
0
0
0
0
0
0
0
1
0
0
0
0
0
0
0
0
0
0
0
0
0
0
0
0
0
0
1
0
0
0
0
0
0
0
0
0
0
1
0
0
0
0
1
0
0
0
1
1
2
2
2
1
2
2
0
3
2
6
11
8
8
0
4
8
7
7
5
13
20
17
12
10
14
9
19
16
15
21
28
21
41
37
34
38
49
36
51
48
43
58
60
59
54
83
60
74
87
77
117
112
112
128
141
123
124
147
142
155
145
162
204
189
218
186
196
189
249
221
229
234
246
246
261
300
282
318
312
291
368
372
381
374
376
400
438
431
497
494
504
528
551
577
589
595
683
666
715
680
716
755
788
858
858
911
962
1095
1070
1047
1254
1311
1264
1389
1375
1486
1552
1654
1701
1839
1836
1879
2057
2129
2138
2353
2411
2464
2577
2616
2838
2859
2864
3033
3151
3204
3243
3387
3265
3522
3427
3480
3590
3574
3676
3641
3708
3806
3672
3742
3718
3885
3727
3791
3767
3847
3775
3869
3713
3692
3805
3732
3904
3834
3800
3756
3828
3648
3766
3795
3705
3776
3580
3582
3577
3413
3457
3394
3397
3219
3199
3134
3080
2941
2837
2740
2754
2515
2556
2408
2286
2238
2062
2051
1925
1800
1778
1646
1620
1599
1506
1402
1358
1363
1299
1248
1195
1174
1096
1011
1045
1060
1003
929
836
874
824
784
786
716
728
678
654
642
613
577
562
554
518
504
471
403
433
426
387
391
379
377
347
352
334
318
321
288
309
307
307
299
263
256
290
270
261
278
283
240
243
236
242
273
233
270
229
263
257
238
214
248
288
246
273
226
291
238
237
258
238
277
261
267
294
291
269
264
289
274
252
265
281
288
282
282
266
269
281
301
292
278
309
293
300
308
288
298
298
303
329
288
293
338
305
321
350
330
317
358
356
322
358
346
324
349
341
351
316
316
351
345
365
350
321
362
355
370
375
352
374
390
374
390
401
388
404
362
411
408
337
366
389
405
379
407
407
417
438
379
427
423
411
401
447
424
442
409
427
415
458
449
458
466
454
436
475
517
473
500
481
463
485
503
502
491
483
492
486
530
500
506
504
512
517
505
539
522
539
513
524
543
502
551
597
572
534
572
545
514
551
539
553
551
554
557
516
539
554
546
561
555
578
551
535
536
574
569
555
581
574
571
583
590
599
536
564
567
556
536
528
560
599
574
575
574
549
539
544
567
582
569
549
553
554
552
525
531
549
554
532
559
544
512
550
530
496
530
531
506
499
531
541
597
510
549
517
526
546
540
502
551
541
530
489
522
500
477
547
520
533
561
490
582
530
548
492
523
532
517
553
537
513
540
506
544
598
538
485
573
553
564
543
516
599
576
609
626
548
552
589
627
597
595
576
599
647
652
639
635
729
679
734
745
717
733
750
788
823
766
875
817
817
889
897
935
901
896
955
986
1015
957
1061
1110
1063
1067
1159
1125
1180
1252
1195
1285
1295
1306
1292
1296
1417
1410
1366
1482
1516
1516
1569
1557
1543
1649
1646
1675
1662
1715
1766
1714
1765
1828
1769
1826
1874
1771
1783
1946
1869
1870
1909
1930
1904
1960
2001
1980
1909
1936
1923
2047
1950
1870
1919
1941
2023
1927
1967
1901
1959
1853
1912
1903
1888
1857
1741
1759
1824
1734
1744
1686
1660
1703
1616
1531
1532
1670
1561
1459
1482
1565
1455
1421
1388
1394
1348
1322
1214
1266
1160
1206
1191
1184
1090
994
1029
947
1046
946
1009
860
949
804
813
824
771
704
679
679
687
674
650
592
609
608
575
542
563
510
530
507
513
437
471
457
432
464
427
429
423
391
373
356
414
343
336
346
351
376
314
334
325
311
307
319
315
294
310
280
306
306
307
317
290
294
349
321
321
276
272
293
282
268
315
291
315
319
301
289
284
270
303
285
306
317
310
234
316
285
274
289
292
298
289
311
301
264
297
305
292
314
294
296
281
307
315
299
282
271
300
298
307
315
301
293
284
298
298
289
280
303
283
272
313
328
294
293
306
297
316
284
281
270
290
268
268
313
294
289
290
283
307
294
323
295
272
287
311
306
264
321
309
306
328
299
282
282
307
291
287
278
277
268
281
249
283
288
285
297
265
310
262
315
295
292
262
297
285
300
302
311
293
281
277
265
274
271
274
273
256
261
272
312
270
271
287
266
276
288
275
277
276
280
279
275
293
274
280
277
267
257
287
279
272
226
260
265
292
295
295
274
237
232
268
256
259
225
247
258
239
294
244
237
255
289
271
249
293
259
296
264
266
280
274
309
275
258
270
278
258
245
250
268
269
264
260
296
247
280
248
264
233
271
253
257
242
280
244
231
280
252
247
263
240
258
272
250
292
254
253
241
267
270
254
261
248
250
245
266
254
260
246
272
254
261
266
271
254
228
242
265
257
287
227
252
261
250
244
271
253
221
299
238
270
261
248
238
218
237
256
232
203
273
227
260
220
235
256
231
252
257
263
223
246
274
223
264
258
238
253
255
243
243
265
264
243
235
223
256
276
240
263
241
233
275
254
225
240
239
232
240
262
245
245
248
239
254
266
264
238
218
236
262
235
245
253
255
240
237
226
247
221
256
265
240
250
268
241
259
244
269
209
253
227
235
245
227
257
265
272
216
236
252
270
222
251
242
241
249
234
236
214
241
228
216
217
245
229
224
240
222
256
221
235
244
254
261
256
260
254
239
264
228
232
245
217
225
243
221
254
232
239
204
240
241
225
222
237
254
246
221
272
212
246
251
220
257
218
239
224
266
236
244
275
235
237
260
259
254
216
245
261
247
245
259
241
260
257
279
256
287
260
254
291
235
254
267
266
273
247
268
256
283
248
284
288
294
290
261
269
288
248
266
266
294
300
291
290
296
278
300
302
311
315
280
284
301
286
325
326
290
302
307
307
313
315
319
317
333
344
326
355
349
353
331
343
374
348
348
385
392
351
318
341
362
365
395
375
379
339
414
360
398
378
371
350
374
403
381
406
398
376
382
428
404
373
399
381
400
381
430
394
438
433
401
414
372
380
438
382
423
389
372
387
405
391
395
418
396
396
381
394
379
428
362
386
357
356
385
369
345
411
393
364
398
388
388
384
379
362
347
359
389
363
357
367
335
355
394
343
356
354
337
311
348
337
353
316
340
303
322
321
335
367
340
297
288
303
269
313
326
311
299
293
308
288
301
290
291
268
289
282
279
271
282
302
255
287
267
258
259
310
259
252
213
231
270
237
245
238
243
203
210
211
222
222
218
227
210
224
198
194
207
196
198
217
227
193
206
202
173
179
172
179
183
172
191
209
174
189
175
158
146
186
165
175
177
192
176
155
180
154
173
149
179
183
142
154
138
149
157
159
145
138
148
148
163
165
144
150
133
153
138
141
152
145
136
150
151
135
151
139
123
131
128
133
131
163
144
159
153
154
148
129
150
147
175
145
171
149
147
162
140
123
153
130
144
116
136
130
137
153
147
154
147
125
155
154
154
141
164
146
133
145
146
135
145
140
138
149
145
155
167
137
130
137
144
138
126
155
130
136
117
138
150
122
139
126
149
137
138
156
145
146
139
147
140
148
124
135
142
136
136
116
155
124
135
146
136
150
141
137
131
124
127
138
144
125
121
135
161
122
146
150
145
132
148
136
150
139
146
133
126
145
132
133
146
131
130
137
156
138
134
127
129
135
139
133
121
119
156
135
134
148
122
134
152
143
146
129
131
128
147
161
138
125
133
135
137
143
131
131
123
145
139
140
129
138
152
159
147
130
142
118
127
135
151
151
168
140
151
131
155
152
139
166
169
132
147
144
166
175
167
171
167
171
157
155
157
170
162
178
166
186
193
183
172
163
195
205
195
188
191
190
208
191
223
228
195
188
197
224
185
202
196
200
208
221
189
244
234
251
257
228
247
259
226
261
245
238
260
247
250
269
279
282
309
291
272
301
288
268
288
297
287
294
299
291
322
303
328
330
303
332
328
342
325
347
324
345
377
335
381
362
340
357
385
408
356
376
395
391
384
399
387
394
395
398
453
433
407
454
407
418
417
425
426
472
437
441
463
465
440
463
477
453
455
489
438
448
510
477
458
460
494
486
508
560
524
503
521
487
507
498
472
523
515
587
526
538
523
535
563
508
502
542
519
497
573
567
547
544
507
509
589
595
551
560
564
588
560
570
479
572
542
556
549
551
558
544
550
554
518
614
599
583
569
573
553
548
530
584
597
515
560
553
531
535
520
519
575
561
549
545
588
513
530
495
511
510
562
503
497
511
534
508
507
519
524
489
466
508
477
502
502
483
447
480
465
473
449
441
439
436
479
447
462
425
420
437
462
414
423
394
408
401
449
388
360
383
382
390
381
394
352
391
413
352
358
374
360
322
318
324
350
331
335
325
352
298
283
320
282
305
331
274
284
310
329
297
287
285
290
254
267
248
253
265
256
246
221
241
229
227
238
222
218
223
206
229
210
201
232
194
198
203
195
219
177
194
184
188
190
162
166
168
176
187
173
187
153
154
159
163
170
183
143
157
161
160
143
122
139
127
148
131
159
126
145
142
139
125
110
114
146
107
122
119
112
121
118
114
120
113
101
99
121
129
95
104
105
109
111
96
104
104
121
101
97
96
93
94
105
112
92
82
82
108
87
106
104
95
126
101
103
97
92
113
106
106
91
118
79
89
92
95
98
84
94
96
82
97
98
117
86
88
90
117
86
113
92
97
96
87
105
80
102
90
79
85
96
72
90
102
93
93
112
103
113
104
102
104
89
99
103
97
95
72
91
98
77
118
78
101
104
97
88
109
65
94
79
105
106
84
81
104
86
105
115
95
98
99
104
99
87
101
102
95
105
91
113
123
105
91
93
94
102
99
110
93
98
89
109
103
101
99
101
104
100
94
107
88
100
106
104
100
133
120
99
119
105
115
101
121
86
124
123
108
107
121
111
101
111
108
93
96
106
87
107
129
118
119
124
116
110
109
111
117
104
118
109
106
115
98
120
103
93
94
123
95
100
105
116
102
97
103
109
111
106
81
119
105
94
121
117
110
107
100
114
132
111
103
111
107
118
98
121
122
99
111
122
126
113
94
122
110
108
126
110
99
106
110
100
88
105
101
105
111
103
97
108
131
109
121
105
107
106
105
113
107
106
94
95
107
119
129
102
103
104
101
109
116
87
125
114
92
103
102
114
99
111
111
98
118
124
98
120
79
105
114
100
113
111
94
82
86
95
97
123
136
113
107
104
103
104
117
116
86
111
119
92
114
85
130
94
112
110
114
115
103
107
128
100
119
105
114
107
90
106
112
119
94
102
101
98
114
95
103
106
97
116
108
108
89
115
111
87
120
101
92
110
107
102
116
87
117
103
92
95
105
95
100
99
103
112
90
106
98
90
117
89
94
110
112
101
78
106
98
102
101
115
90
94
82
80
91
107
95
88
98
87
85
87
97
71
103
101
92
98
93
87
86
88
98
100
107
112
101
100
100
89
80
79
79
71
90
93
77
82
90
92
91
103
88
89
80
90
92
77
83
81
69
82
91
82
80
88
71
86
66
97
90
89
76
76
85
85
96
78
69
66
88
80
74
76
70
81
79
65
88
83
83
74
67
72
77
91
85
83
86
76
84
67
79
93
73
78
69
87
68
83
82
69
88
90
73
82
62
73
74
80
81
70
82
76
77
69
64
73
66
63
58
66
71
62
67
67
89
74
59
73
48
81
64
78
87
76
63
75
60
62
56
75
60
62
65
60
71
66
68
76
71
58
70
65
61
71
64
60
76
74
77
68
75
65
78
71
60
67
70
72
86
73
78
98
66
66
74
74
71
67
55
74
66
72
59
45
61
86
72
68
68
58
66
67
69
70
61
69
53
68
68
66
67
57
76
67
62
72
53
60
62
53
64
71
65
81
62
70
68
85
77
67
72
57
66
79
72
83
71
73
55
60
68
72
54
77
61
59
68
60
70
54
58
58
70
81
58
69
62
67
74
57
59
71
60
67
68
61
73
62
82
55
62
59
72
68
53
72
76
46
75
55
75
68
69
59
64
67
81
59
74
62
67
57
59
67
64
56
66
60
54
49
51
57
59
52
59
65
59
55
63
57
47
66
63
70
69
62
70
60
61
64
61
60
63
77
62
70
64
51
63
55
66
78
75
56
63
67
59
68
52
72
75
61
67
80
69
62
70
63
72
64
61
80
53
66
66
70
57
57
59
65
58
67
64
50
64
56
59
71
59
62
60
59
66
52
63
77
58
85
72
64
59
59
60
68
57
50
72
62
68
73
69
58
55
60
63
64
60
65
75
61
49
82
61
60
56
69
65
52
48
74
77
73
80
54
65
73
57
54
61
61
62
50
65
70
42
52
66
48
71
61
58
80
55
66
65
85
42
71
62
70
56
73
62
59
64
72
53
55
60
60
60
65
60
68
62
46
68
67
60
67
64
52
64
59
69
77
58
87
71
62
62
64
57
60
56
66
69
56
54
68
88
54
63
69
64
70
64
54
74
67
64
65
51
64
66
69
64
65
65
91
61
56
58
53
61
81
53
59
54
67
59
65
75
52
65
55
53
70
53
68
53
61
61
59
56
56
49
71
59
66
46
64
52
64
57
51
53
49
66
78
59
77
55
80
66
59
71
55
54
62
63
65
59
55
63
56
68
54
58
50
71
51
59
77
44
54
53
63
54
59
57
59
62
68
65
62
78
56
60
59
58
58
73
64
56
63
59
44
75
64
56
52
48
60
55
55
69
63
62
42
45
75
62
48
58
67
58
58
63
74
67
68
45
56
60
58
55
47
54
62
55
63
62
64
66
71
65
53
61
57
58
50
58
49
63
75
62
67
48
61
43
66
48
42
47
70
58
57
54
62
56
52
60
61
59
53
66
60
57
55
47
57
53
48
55
63
61
53
53
66
69
50
51
57
56
62
67
38
55
68
54
61
63
56
62
57
59
48
57
60
68
62
60
60
52
56
56
60
53
62
55
56
49
62
63
63
60
47
54
61
51
61
58
52
53
51
64
72
42
54
60
67
58
59
65
59
77
56
42
50
62
53
38
54
49
61
53
54
50
55
74
59
61
48
55
52
59
54
45
65
53
55
61
64
42
55
61
51
55
57
65
65
52
47
46
63
50
50
53
45
52
44
63
48
59
34
48
59
53
64
46
41
53
54
45
42
64
49
55
51
53
51
68
51
35
49
57
47
65
54
51
37
37
50
49
59
46
53
46
70
50
55
39
46
41
61
53
46
49
50
51
51
46
46
54
59
52
51
49
50
71
54
48
56
41
55
50
38
56
58
55
62
50
46
60
47
51
51
48
40
47
37
60
42
51
58
47
52
68
49
54
45
51
48
41
57
36
45
44
45
47
53
42
56
34
50
57
66
39
43
48
52
53
54
33
38
46
35
34
50
54
33
48
42
50
62
45
61
22
38
47
53
48
61
58
46
49
58
64
48
43
48
55
50
45
42
57
54
43
48
50
33
52
30
46
55
41
40
50
55
49
38
43
43
49
55
43
46
60
43
46
41
61
48
64
58
48
60
56
50
49
50
52
48
63
53
55
44
61
52
53
64
50
54
55
51
49
52
63
52
48
46
55
37
50
43
43
42
49
52
47
42
47
60
49
49
49
45
47
44
58
47
50
52
38
53
46
42
60
45
37
55
66
47
57
52
51
59
40
42
63
54
45
55
47
60
51
50
43
38
52
57
36
43
52
53
58
52
40
49
52
45
42
60
48
57
40
44
48
51
75
60
57
59
32
48
53
56
71
51
67
56
57
52
47
53
56
46
57
51
59
59
52
51
54
53
44
54
51
68
52
51
44
46
58
49
56
52
53
60
65
65
42
50
48
43
40
59
54
55
59
52
54
49
40
49
52
55
62
55
42
54
43
54
62
48
64
61
51
56
59
50
46
42
61
68
60
51
40
38
52
46
52
46
44
67
47
50
54
43
60
52
51
42
63
46
54
43
50
54
41
60
45
49
47
52
64
51
47
67
56
61
44
58
70
54
52
61
53
53
52
48
59
63
42
68
49
64
48
52
40
51
57
43
49
72
44
60
49
54
53
56
59
51
55
60
46
41
55
45
54
58
48
47
57
56
53
56
49
55
62
60
41
57
60
50
47
60
59
60
47
57
48
52
45
43
55
66
51
61
50
54
55
46
47
60
52
58
36
52
53
58
63
59
51
64
35
56
51
66
64
40
54
45
47
48
41
46
48
53
47
62
52
50
55
54
42
51
57
53
51
53
44
73
45
47
56
60
48
44
58
56
47
48
57
50
47
53
48
55
56
38
56
54
46
54
51
56
58
58
52
65
36
43
57
55
62
52
50
51
47
53
47
40
45
42
46
47
45
45
37
48
58
50
61
64
53
60
54
64
43
41
55
41
48
58
48
54
48
32
49
51
52
50
42
55
46
54
48
44
50
53
65
43
56
65
53
49
53
58
60
54
52
53
65
41
56
55
66
56
56
57
55
59
60
51
64
52
65
52
40
59
42
53
67
36
45
62
58
55
47
65
55
47
58
56
50
59
58
55
64
42
57
58
66
47
62
48
44
68
48
54
58
60
51
61
64
55
71
58
68
53
54
64
54
60
48
63
55
58
63
61
68
67
83
42
62
76
63
71
66
61
73
66
68
60
58
48
59
63
56
63
78
59
52
80
59
64
65
61
62
69
72
75
80
68
77
75
85
74
85
76
63
85
64
72
64
57
69
74
61
77
73
75
65
78
66
96
72
84
63
75
85
69
75
93
69
76
75
73
73
81
77
75
85
83
70
64
92
69
80
77
72
70
72
73
78
91
74
105
75
94
77
76
89
71
84
75
79
77
83
68
88
81
92
72
63
88
69
86
109
87
85
92
75
81
69
91
75
68
85
94
93
85
88
87
83
88
98
87
94
83
100
92
93
67
86
86
98
93
93
82
94
92
77
95
80
102
94
88
72
96
101
103
79
86
94
84
83
101
70
84
95
88
82
92
81
80
91
90
82
83
104
96
88
78
89
102
97
91
98
94
89
86
115
85
89
91
91
108
78
92
91
92
97
95
91
90
90
85
105
88
104
103
89
100
82
90
101
94
83
85
91
81
99
92
98
100
107
97
94
97
73
72
84
86
99
82
91
86
98
102
94
97
92
89
95
92
81
88
91
84
94
89
81
93
88
81
86
88
80
73
86
92
81
79
81
69
103
80
70
86
102
94
78
77
84
70
68
82
78
86
76
78
81
87
90
77
81
101
85
88
89
79
87
91
80
82
65
84
87
72
90
77
82
63
89
99
86
73
86
77
83
75
80
65
90
79
70
61
68
74
74
96
68
80
71
69
74
72
67
80
65
71
77
65
71
71
67
63
54
64
69
62
67
58
66
82
68
60
54
69
57
69
67
58
58
57
53
73
62
68
56
67
60
74
69
62
59
57
76
59
71
59
53
62
59
70
38
52
61
66
61
77
64
65
64
60
58
52
58
55
62
51
66
56
53
61
58
55
52
52
46
65
62
59
62
56
42
50
66
54
42
57
45
60
52
51
38
44
49
42
50
48
50
42
48
63
44
44
40
42
38
53
56
38
53
53
54
37
52
52
33
42
47
45
57
34
50
55
52
61
53
51
59
60
52
42
49
59
45
45
38
57
52
41
40
46
41
49
31
43
53
53
44
36
42
55
49
43
37
51
37
56
31
48
45
46
43
50
30
48
52
51
43
51
48
41
46
57
50
40
48
42
47
40
60
47
39
44
59
40
44
48
54
42
44
39
38
40
35
40
27
38
37
39
35
44
40
39
47
35
34
41
55
56
43
54
45
39
45
41
43
40
48
37
47
33
39
47
39
46
52
48
40
47
44
52
42
46
43
50
44
48
39
49
49
52
43
57
52
38
47
34
38
43
43
52
36
38
32
48
40
47
32
39
43
38
44
45
46
46
43
52
38
42
43
54
49
47
56
47
45
38
31
43
41
34
51
34
53
41
46
51
42
42
47
45
39
37
48
54
48
34
40
39
50
41
41
42
44
38
38
45
44
42
51
50
31
35
33
41
43
41
43
47
30
43
36
33
44
53
57
46
49
41
44
36
34
31
47
34
43
38
37
43
46
43
40
44
41
47
45
45
39
40
45
37
41
36
34
35
43
44
44
40
44
31
50
36
39
51
43
40
34
52
52
41
46
35
34
44
44
47
37
38
41
45
37
37
45
37
28
40
31
41
43
45
49
46
45
33
42
43
23
33
31
51
37
37
45
37
38
40
46
38
36
44
41
35
33
27
38
41
46
31
46
40
31
34
40
34
37
36
32
42
42
40
36
27
51
44
41
31
29
49
37
52
36
42
33
40
32
33
31
38
41
50
50
39
41
27
38
37
37
39
43
36
44
29
42
41
32
29
46
37
23
46
37
30
41
43
30
31
35
30
35
46
45
37
29
45
27
33
43
31
34
37
38
33
35
50
42
44
46
48
31
41
48
32
30
40
50
47
32
49
44
35
33
35
28
46
33
34
47
43
50
43
32
38
44
34
40
33
33
35
33
45
29
38
39
34
38
37
44
46
42
40
33
35
34
30
42
34
44
46
32
31
44
38
52
40
38
49
50
44
37
36
37
37
49
42
40
31
48
41
43
42
43
46
39
48
50
41
44
43
46
37
47
47
43
42
34
48
57
35
39
52
36
47
36
42
36
39
47
49
38
64
35
63
49
53
46
46
44
38
52
52
49
39
39
29
34
47
46
47
41
46
48
47
57
57
50
38
55
51
47
63
43
56
42
60
45
55
45
61
63
54
55
51
47
51
44
51
54
51
51
64
58
41
54
54
59
49
58
48
52
42
53
39
59
50
48
47
50
49
57
60
49
57
47
65
60
60
51
58
68
47
50
45
40
60
71
51
48
66
45
52
59
71
58
60
51
53
51
59
60
48
62
65
65
56
63
52
60
53
45
52
63
67
58
61
59
56
56
58
50
54
66
60
53
56
72
62
54
56
55
64
62
45
48
70
63
78
72
64
63
64
62
74
65
59
64
62
60
58
71
59
74
62
57
57
77
58
70
61
63
83
62
59
49
62
60
63
67
42
66
65
62
69
56
61
42
58
55
54
74
59
61
54
55
65
59
63
62
69
61
63
55
60
67
78
54
55
60
67
63
60
57
62
64
56
60
51
67
50
62
69
58
65
59
61
55
64
49
77
73
65
66
54
60
57
54
54
56
65
67
64
71
61
57
54
54
51
59
55
55
62
57
64
55
74
56
54
51
52
65
56
53
33
55
56
60
55
58
51
63
61
57
67
64
49
46
64
53
66
46
53
48
50
49
56
42
61
64
63
57
41
59
52
52
33
50
52
59
56
45
51
50
36
48
47
46
41
56
48
49
42
41
54
44
51
44
42
51
42
28
53
46
50
52
53
49
44
51
42
55
46
37
52
50
38
53
42
38
50
46
50
45
57
42
66
49
51
37
41
40
49
34
50
48
43
46
47
40
29
39
35
46
42
39
34
35
36
46
39
51
41
44
53
39
36
36
43
45
44
39
40
42
45
40
45
41
30
31
35
43
27
38
22
38
23
31
36
35
34
26
37
41
38
32
35
34
35
39
30
29
30
47
31
25
39
37
32
26
37
41
23
31
28
33
32
35
38
25
32
31
25
35
23
30
23
28
35
27
37
33
26
26
19
28
32
33
29
35
37
41
26
36
34
34
28
33
20
21
24
19
23
27
32
31
35
37
33
33
19
20
27
20
26
26
24
23
25
28
29
33
27
32
24
28
32
36
30
26
26
35
34
30
23
34
37
32
31
18
22
28
23
35
25
33
38
34
32
22
30
27
31
35
35
36
34
39
38
33
24
25
45
43
34
32
34
36
33
32
34
27
26
30
24
36
29
31
35
35
39
29
32
29
36
38
32
20
29
34
23
21
39
24
23
35
38
30
30
24
23
38
51
34
36
35
41
26
39
30
35
38
46
39
43
43
33
27
34
28
35
40
38
34
36
38
38
22
38
29
46
39
36
30
36
33
40
47
38
31
52
41
31
49
30
31
36
39
41
35
44
38
35
42
35
28
36
36
31
44
37
43
51
44
26
40
45
52
32
47
34
47
40
48
37
42
48
48
40
41
43
34
47
50
50
58
38
46
45
42
57
43
44
43
51
51
52
46
47
65
40
48
45
51
44
49
51
55
31
59
56
52
50
55
50
41
45
48
61
57
67
61
60
58
47
50
45
59
50
57
38
39
53
53
44
50
75
53
40
57
48
51
58
57
73
54
48
47
62
52
63
61
58
58
60
66
55
58
64
67
69
54
49
63
71
51
56
43
75
76
58
61
69
56
62
60
69
58
68
65
71
71
58
60
59
74
87
61
78
65
56
79
82
66
59
71
63
62
52
51
53
54
80
74
63
45
57
54
72
65
66
70
78
71
79
68
81
57
53
56
62
53
67
70
87
67
66
68
70
72
75
57
69
65
78
70
58
61
59
66
75
59
59
71
52
72
70
66
61
71
65
76
81
70
77
71
66
74
62
77
68
72
69
72
75
68
63
85
64
81
70
55
66
58
60
68
61
58
63
89
69
61
69
73
70
62
73
83
67
61
69
75
60
61
67
71
72
60
65
70
72
74
75
75
67
60
61
82
56
80
63
63
68
67
68
76
74
86
77
75
69
78
77
86
62
55
53
70
58
71
83
66
68
70
61
61
65
58
82
70
61
55
72
85
71
61
65
71
74
62
55
81
63
64
72
66
43
68
61
65
62
94
73
58
61
49
60
70
64
79
57
57
65
76
79
63
66
63
63
79
76
58
60
68
66
69
75
58
62
65
69
54
58
59
58
61
53
62
71
66
80
61
66
54
58
62
52
64
58
63
50
64
42
72
59
52
72
55
52
65
59
54
56
53
65
50
58
55
50
63
45
50
57
57
51
44
41
51
52
51
55
58
50
46
65
55
55
55
52
56
61
69
42
52
47
55
59
58
41
45
51
53
59
39
46
50
47
55
47
50
42
55
44
47
46
48
48
46
42
48
40
46
40
49
45
44
51
42
46
57
33
35
42
37
41
43
43
50
29
46
44
37
39
45
43
38
35
38
42
41
50
37
40
39
29
43
33
37
38
36
45
27
29
41
36
34
35
30
39
29
43
31
37
41
29
43
33
36
35
29
27
29
33
34
23
34
26
23
23
32
33
28
37
29
26
32
39
35
33
27
37
38
18
31
33
29
34
27
25
21
38
26
24
20
25
32
32
25
25
24
17
33
31
29
26
27
24
39
23
25
18
28
17
34
34
24
21
23
16
25
22
27
18
22
15
28
30
18
18
20
19
21
16
28
31
19
22
18
23
13
17
14
21
22
22
25
14
17
21
19
12
23
24
18
11
18
22
14
13
28
20
20
14
25
15
20
15
12
15
18
19
12
22
19
15
20
14
18
24
15
22
22
17
12
17
15
18
14
20
15
23
13
13
13
13
12
21
10
20
8
8
7
8
16
10
19
8
20
10
13
14
18
11
16
9
8
18
14
7
12
16
9
8
15
16
14
13
9
15
11
11
23
9
15
10
8
8
19
20
13
18
14
14
11
26
12
15
14
10
15
13
8
19
10
9
12
16
7
15
16
10
10
15
13
6
15
9
12
19
14
8
13
7
10
5
11
14
11
10
9
11
11
7
14
10
8
10
13
9
12
8
9
8
12
7
9
3
11
10
7
9
10
14
10
8
8
10
12
11
12
9
4
4
10
11
8
9
7
16
11
11
15
9
11
9
6
12
7
12
8
5
5
13
9
8
7
11
12
4
12
14
7
13
13
9
9
8
12
5
11
14
10
9
10
10
17
9
8
7
11
10
8
9
4
7
8
9
8
8
6
12
8
8
12
7
12
10
7
11
7
7
9
6
14
8
13
7
10
13
8
15
10
3
5
16
9
14
9
5
5
10
11
13
13
7
7
4
5
9
3
6
8
3
6
8
8
9
11
7
11
11
5
5
8
12
7
6
11
3
9
13
8
9
4
8
9
8
12
15
11
10
4
12
11
9
6
8
10
12
14
10
4
6
8
2
8
9
4
11
5
9
7
4
6
16
11
10
9
2
7
8
5
7
8
7
10
7
7
5
4
10
15
9
7
4
11
8
10
12
8
9
5
7
8
5
2
5
10
15
8
8
7
7
11
8
9
7
8
7
5
12
6
4
7
9
9
3
9
9
10
8
7
6
9
7
6
6
6
9
8
11
5
8
6
4
12
4
6
5
7
5
9
5
6
6
9
5
6
7
11
6
3
4
3
7
7
9
9
9
5
7
3
7
7
6
3
7
9
11
6
9
9
8
8
7
8
7
4
8
6
7
13
7
7
6
11
12
3
3
4
13
8
7
4
11
7
6
10
8
6
1
6
5
8
3
7
5
10
9
6
4
4
7
5
8
4
9
8
5
8
4
9
9
8
9
4
5
8
10
8
6
7
5
7
6
9
4
3
6
5
11
7
7
7
6
6
5
4
3
3
4
8
8
4
7
4
6
4
2
9
3
5
10
13
4
4
3
7
8
2
2
8
4
3
1
6
6
7
13
11
4
5
6
4
7
5
7
6
3
9
5
5
6
4
7
6
9
5
9
8
3
11
7
4
5
3
3
5
8
12
4
9
3
7
5
0
10
9
3
6
2
8
5
8
6
6
8
4
5
5
8
6
4
5
3
7
6
6
9
2
12
9
3
3
11
7
3
7
6
6
4
12
2
6
3
12
3
4
6
7
6
9
7
4
9
4
5
4
4
6
9
8
9
7
5
6
10
8
5
7
4
9
4
6
5
10
5
7
8
5
6
3
4
6
3
6
3
4
8
6
5
4
8
2
4
3
5
7
4
8
7
9
7
7
7
4
5
8
7
7
7
8
9
7
9
4
8
6
9
4
11
6
6
4
7
6
5
4
4
10
10
5
8
8
7
8
6
13
7
12
8
7
11
6
9
11
3
4
4
5
6
6
5
9
6
8
8
10
6
5
4
8
4
7
8
9
12
7
8
12
10
10
9
7
5
7
5
15
6
2
9
5
7
15
6
11
6
6
10
9
9
5
8
9
15
11
11
12
6
6
6
8
6
8
6
11
6
12
11
10
6
6
7
6
10
9
7
10
7
6
9
13
7
12
10
10
9
10
11
17
12
10
12
11
5
11
9
10
7
8
5
10
9
10
11
13
12
14
12
18
18
13
10
10
14
12
16
10
7
13
11
13
17
17
13
7
15
11
10
12
7
18
9
6
9
15
12
11
9
15
15
13
13
12
11
8
11
10
12
19
8
12
14
9
11
11
11
21
12
24
13
19
16
20
11
14
19
19
13
13
20
18
20
16
15
23
23
15
25
22
20
13
14
20
9
16
14
15
16
16
16
19
19
14
14
20
18
8
25
19
17
24
8
23
12
26
24
23
19
12
30
15
21
26
10
16
16
25
20
12
18
21
18
21
25
24
26
17
13
17
23
18
16
23
28
19
23
15
16
11
21
36
18
18
19
24
25
19
31
26
19
35
26
19
27
24
33
21
24
28
24
26
19
24
20
26
20
27
20
21
25
31
24
29
28
28
26
34
15
21
21
34
22
23
19
32
28
26
22
33
20
20
26
26
40
28
26
23
22
24
26
23
32
32
27
27
30
28
27
30
19
44
33
26
39
20
33
33
39
21
34
27
29
28
32
18
29
26
34
30
31
33
29
33
24
36
30
31
33
28
26
19
36
29
30
24
26
29
31
30
29
28
43
24
36
29
44
28
30
39
29
38
28
47
20
44
33
36
30
29
27
26
16
21
34
43
22
27
41
28
28
23
29
41
39
38
35
22
37
31
35
38
41
35
25
32
30
31
31
36
36
29
33
29
23
28
34
39
28
33
32
38
42
36
39
20
26
47
26
22
40
47
51
30
41
27
36
26
39
55
37
30
36
28
28
28
26
40
34
39
25
32
42
33
39
40
32
35
27
33
34
26
23
33
42
34
29
37
37
43
34
29
43
37
35
29
33
34
43
33
28
29
36
33
38
47
36
39
29
28
41
37
35
40
33
38
40
42
19
21
34
38
31
24
27
39
38
28
41
37
30
32
32
42
37
42
27
29
34
42
30
24
33
29
29
30
36
36
34
34
29
29
43
38
35
23
30
29
38
28
40
33
26
32
36
36
37
27
22
31
32
28
25
33
25
36
27
30
28
26
33
36
18
29
35
35
37
44
39
34
28
19
19
42
36
37
36
33
30
34
28
23
25
27
29
23
34
37
29
33
34
30
22
30
36
24
33
37
39
21
30
26
31
24
29
23
30
31
29
21
24
26
30
26
16
22
31
29
24
38
23
20
26
31
20
25
26
8
24
30
28
30
28
29
28
18
32
20
15
26
30
16
23
21
22
27
20
34
15
30
22
16
19
30
18
22
19
16
18
23
29
24
18
20
26
19
22
12
20
28
20
18
23
16
20
22
16
19
15
22
25
24
29
22
17
23
22
26
17
17
27
25
17
11
30
14
21
19
23
24
14
16
20
20
26
19
14
17
17
14
22
14
14
10
19
14
20
21
13
8
13
16
13
21
20
21
14
14
20
12
11
13
19
15
17
22
16
15
13
15
19
14
17
21
20
8
8
15
14
11
16
13
11
18
15
12
9
11
23
9
15
9
10
10
11
10
19
16
11
9
6
10
13
15
9
15
9
12
12
14
9
13
6
9
12
8
17
13
6
7
13
5
12
8
7
5
10
14
11
6
10
8
10
7
6
6
10
10
3
15
10
9
10
10
8
8
6
7
8
9
9
4
12
6
7
14
13
9
7
3
10
11
10
3
4
6
3
3
7
5
7
6
5
7
6
5
11
8
4
6
14
5
2
6
4
4
8
6
7
7
7
10
4
6
6
2
5
4
5
6
10
3
10
7
2
2
5
2
8
10
4
2
6
6
3
5
3
5
6
5
5
8
3
3
4
5
1
6
5
3
1
5
7
5
4
3
3
3
3
2
7
0
5
4
8
5
4
6
5
5
2
2
1
4
5
3
7
4
3
6
2
3
2
1
2
5
2
2
2
2
4
0
2
4
4
4
4
3
5
3
5
3
2
2
2
2
3
2
1
3
1
2
2
2
3
4
3
1
2
3
2
2
2
3
4
1
3
2
0
1
0
0
2
3
2
5
1
5
3
1
1
3
4
3
3
1
2
1
0
1
2
3
0
3
0
1
2
2
5
1
3
3
0
3
1
0
2
4
1
2
3
1
1
1
1
3
2
2
2
2
2
2
2
4
1
1
4
2
2
2
2
2
4
0
2
2
1
1
3
1
1
0
0
0
2
1
2
2
4
2
1
1
2
1
3
0
0
1
0
3
0
2
1
1
1
1
0
3
2
1
1
4
2
1
1
0
1
3
0
2
1
1
2
3
1
2
2
0
2
1
2
2
1
0
0
3
2
0
1
1
0
1
0
1
2
1
1
1
1
3
2
1
0
0
1
1
0
1
0
2
0
2
0
2
0
3
2
0
3
1
1
2
0
1
2
0
1
0
1
0
0
2
1
1
2
1
0
1
2
1
0
2
1
0
0
1
0
2
1
0
0
1
1
2
0
1
0
2
2
1
0
0
2
0
2
1
1
0
3
1
2
0
1
0
0
0
1
0
2
2
1
0
1
1
3
0
1
1
0
0
1
2
0
0
1
0
1
1
0
0
4
1
0
0
0
0
1
1
1
0
1
2
1
1
1
2
4
0
2
0
0
0
0
0
0
0
2
1
0
1
2
1
1
0
1
0
1
0
0
0
2
1
0
2
2
1
1
0
0
0
0
0
1
0
0
0
1
0
0
0
0
0
1
0
1
2
1
1
0
1
1
0
0
2
0
0
1
0
0
0
1
1
2
1
1
1
1
2
1
0
0
0
1
0
1
0
0
1
1
0
0
1
0
2
1
1
0
0
0
2
1
0
1
2
0
0
1
0
1
1
1
2
0
0
0
0
1
0
2
0
0
0
2
0
0
0
2
0
0
0
0
0
1
0
1
1
0
0
0
0
2
1
0
0
1
0
0
1
1
0
0
1
0
0
0
0
0
2
1
1
0
0
1
0
1
0
0
1
3
0
0
0
1
0
1
1
1
0
0
1
0
0
0
0
2
0
0
0
1
2
0
1
0
0
0
0
1
0
0
0
1
0
1
1
0
1
0
0
0
1
1
0
1
1
0
1
0
1
0
0
0
1
0
0
0
1
0
0
1
0
0
0
1
0
0
0
0
3
0
2
0
0
0
1
0
0
1
1
1
0
0
1
0
0
0
0
0
0
0
0
0
1
0
1
0
1
0
0
0
0
0
0
0
0
2
0
1
1
0
0
1
0
0
0
1
0
0
0
1
1
0
1
1
0
3
0
2
0
0
0
1
0
0
0
2
0
0
0
0
2
0
0
0
0
0
0
0
1
0
0
0
0
0
1
1
0
0
0
0
0
0
0
2
1
0
1
1
0
2
1
0
0
1
0
0
1
0
0
0
0
0
0
1
0
1
1
1
0
0
0
0
1
0
0
1
0
0
0
0
0
0
0
0
1
1
0
0
1
0
0
0
0
1
0
0
0
1
0
1
0
1
0
0
0
0
1
0
1
0
1
1
0
0
0
0
0
0
0
0
0
0
1
0
0
0
0
0
0
0
0
0
0
1
1
1
0
0
0
0
0
1
0
0
1
0
1
0
0
0
0
0
0
0
0
1
1
1
0
2
0
1
1
0
1
1
2
0
0
2
0
1
0
0
0
0
0
1
0
0
0
0
0
1
1
1
1
0
1
1
0
0
1
0
0
0
1
0
0
1
0
0
1
0
0
3
0
1
1
0
0
0
0
0
0
0
0
0
0
1
0
0
0
0
0
0
0
0
1
0
0
0
0
0
2
0
0
0
1
2
0
1
0
0
0
0
0
0
0
0
1
0
1
0
2
1
0
1
0
0
0
0
0
0
0
0
0
0
0
0
0
0
0
0
1
0
0
0
0
1
0
1
1
0
0
0
1
0
1
0
0
1
0
1
0
0
0
1
0
1
0
3
0
0
0
1
0
0
0
0
0
0
0
0
0
0
0
0
1
0
0
0
1
1
1
0
0
0
0
0
0
0
0
0
0
0
2
0
1
0
0
0
2
0
0
0
0
1
0
1
0
0
0
0
2
0
0
0
0
0
0
1
1
1
0
1
0
0
0
1
0
0
0
0
2
0
0
0
2
0
0
0
1
0
1
1
0
0
0
0
0
0
0
0
0
0
0
0
0
0
0
0
1
0
0
0
0
0
0
1
0
2
0
1
0
0
0
0
0
0
0
0
0
0
0
2
0
0
1
0
0
0
0
1
0
0
0
0
1
0
0
0
0
0
1
0
0
0
0
0
2
1
0
0
0
0
1
0
1
0
1
0
0
0
1
0
0
1
0
2
0
0
0
0
1
1
0
0
0
1
0
0
0
1
0
0
0
1
0
0
0
0
0
2
0
0
0
1
0
1
0
0
0
1
0
0
0
0
1
0
0
0
1
0
0
0
2
0
1
0
0
0
0
0
0
0
0
0
0
1
1
0
0
0
0
0
1
1
0
0
0
0
0
0
0
1
1
1
1
0
0
1
0
0
0
0
0
1
0
0
1
1
0
0
0
0
0
0
0
0
1
2
0
0
1
0
0
0
1
0
1
0
0
1
0
0
0
0
0
0
0
0
0
0
0
0
0
1
0
0
0
0
0
0
0
0
0
1
1
0
0
0
0
1
1
0
1
1
0
1
0
0
0
0
0
1
0
0
1
0
0
1
0
0
0
0
0
1
0
1
0
2
1
0
1
1
1
1
0
2
0
1
0
0
0
0
1
1
0
0
0
0
2
1
0
0
0
0
1
0
0
0
0
0
0
0
0
0
0
0
1
0
0
0
1
2
1
0
0
0
0
0
0
1
0
1
2
1
0
0
0
0
3
1
0
0
0
0
0
0
1
1
1
0
0
2
0
0
1
0
0
0
0
0
1
0
0
0
1
0
1
1
0
2
0
0
0
0
0
0
0
0
1
2
0
0
0
0
1
1
0
0
0
0
1
0
1
0
1
1
1
0
3
0
0
0
1
1
0
0
0
0
0
0
0
1
1
0
0
0
0
2
0
0
0
0
0
0
0
0
0
0
0
0
1
0
0
0
0
0
0
0
0
0
1
0
0
0
0
1
0
1
0
0
0
0
1
0
0
0
0
0
0
1
1
0
0
1
0
0
0
0
0
0
1
0
0
0
0
1
1
0
0
0
0
0
0
0
0
0
0
0
0
0
0
0
0
1
0
0
0
0
0
0
1
1
1
3
0
1
0
0
0
1
1
0
1
0
0
0
0
1
0
0
0
0
0
0
0
0
1
0
0
0
1
0
0
0
0
0
1
0
1
0
0
0
0
0
1
1
0
0
0
0
1
0
1
0
1
2
0
1
1
0
0
0
0
0
0
1
0
0
0
1
0
0
0
1
0
0
1
0
0
0
1
0
0
0
0
0
0
0
2
0
0
0
0
1
0
0
0
0
0
1
1
0
0
0
0
1
1
0
1
0
0
0
0
1
0
0
0
0
0
2
0
0
0
0
1
0
0
1
1
0
0
0
0
0
0
1
0
0
0
0
0
0
0
0
0
1
0
0
0
1
0
0
0
0
0
0
1
0
0
0
0
1
0
0
0
0
0
0
0
0
1
1
0
0
0
0
0
0
1
0
1
1
0
0
0
0
0
0
0
1
0
1
0
0
1
0
0
0
0
0
0
0
0
0
0
1
0
0
0
0
1
0
0
1
0
0
1
1
1
1
0
0
1
0
0
0
2
0
1
0
0
0
1
0
0
0
1
1
0
0
0
0
0
0
0
0
0
0
0
0
0
0
1
1
1
0
0
0
0
0
0
0
0
0
0
3
1
0
1
1
1
0
0
0
0
0
0
0
0
0
0
0
0
0
0
0
0
0
0
0
0
0
1
0
0
0
0
1
0
0
0
0
0
0
0
1
1
0
0
0
1
0
0
0
3
0
0
0
1
0
0
0
0
0
1
0
0
0
0
0
0
0
1
0
0
0
0
0
0
2
0
0
0
0
0
1
0
0
0
0
0
1
0
0
0
0
0
2
0
0
0
0
0
0
0
0
0
1
0
0
0
0
0
0
0
0
0
0
1
0
1
1
0
0
0
0
0
0
0
0
0
3
1
0
1
0
0
0
0
1
0
1
0
0
0
1
0
0
0
0
0
0
0
0
0
1
0
0
0
2
0
0
0
0
0
0
0
0
0
0
0
0
0
0
0
0
0
0
0
0
0
0
0
0
1
0
0
0
1
1
0
1
0
0
1
0
0
1
0
2
0
0
0
1
0
0
0
0
0
0
1
0
0
1
0
0
1
0
0
1
0
0
0
0
0
0
0
0
0
0
0
0
0
1
0
0
0
0
0
0
0
1
0
1
0
0
0
0
0
0
0
0
0
0
0
0
0
0
0
0
0
0
2
0
0
2
0
0
0
0
0
0
0
0
0
1
0
0
0
1
0
0
0
0
0
0
0
0
0
1
2
1
0
0
0
0
0
0
1
0
0
0
1
0
0
0
0
0
0
0
0
0
0
0
0
0
0
0
0
0
0
0
0
0
0
1
0
0
0
0
0
2
0
0
0
1
0
0
1
0
0
1
0
0
1
0
0
0
0
0
0
0
0
0
0
0
0
1
0
0
0
0
0
0
0
0
0
0
0
0
0
0
0
0
0
0
0
0
0
0
0
0
0
0
0
0
1
0
0
0
0
0
0
0
0
0
0
0
0
0
0
0
0
0
1
0
0
0
0
1
0
0
0
0
0
0
1
1
0
0
0
0
0
0
0
0
0
0
0
1
1
1
0
0
1
1
0
0
0
0
0
1
0
0
0
0
0
0
0
0
0
0
0
0
0
1
1
0
1
0
1
0
0
0
0
0
0
0
0
0
0
0
0
0
0
0
0
0
0
0
0
0
0
0
0
1
0
0
0
1
1
0
0
0
0
0
0
1
0
0
0
0
0
0
0
0
0
0
0
1
0
0
0
1
0
0
0
0
0
0
0
1
0
1
1
0
0
0
0
0
0
1
0
0
1
0
0
0
0
0
0
2
1
0
0
0
1
0
0
0
0
0
0
0
0
0
0
0
0
0
0
0
1
0
0
0
0
0
0
0
0
0
0
0
0
0
0
0
0
0
0
0
0
1
0
0
0
0
0
0
0
2
0
0
1
0
0
1
0
0
0
0
0
0
0
1
0
0
0
0
0
0
0
0
0
0
0
0
0
0
0
0
1
0
0
0
0
0
0
0
0
0
0
0
0
0
1
0
0
0
0
1
0
0
0
2
0
1
0
0
0
0
0
0
1
0
0
1
0
1
0
1
1
0
0
0
0
1
0
0
0
0
0
0
0
0
0
0
0
0
0
0
0
0
0
0
1
0
0
0
0
0
0
0
1
0
2
0
0
0
1
0
0
0
0
0
0
0
0
1
0
0
0
0
0
0
0
0
1
0
0
1
0
0
0
0
0
0
1
0
0
0
0
0
0
1
0
0
2
0
0
0
0
0
0
2
1
0
2
0
0
0
0
0
0
0
0
0
0
0
1
0
0
0
0
0
1
0
0
1
0
0
0
0
0
0
0
0
0
0
0
0
0
0
1
1
0
0
0
0
0
1
0
0
0
0
0
0
1
0
0
1
0
0
0
1
0
0
0
0
0
1
0
0
0
0
0
1
0
0
0
0
0
0
0
0
0
0
1
0
0
0
0
0
0
1
0
0
0
0
0
0
0
1
0
0
0
0
1
0
0
0
0
0
0
0
0
0
0
0
0
0
0
0
0
0
0
0
0
0
1
0
0
0
0
0
0
0
0
0
0
0
1
1
0
0
0
1
0
0
0
0
0
0
0
0
0
0
0
0
0
0
1
0
0
0
1
0
0
0
1
0
0
1
1
1
0
0
0
0
1
1
0
0
0
0
0
0
0
0
0
0
0
0
0
0
0
0
0
0
0
0
0
0
0
0
0
0
0
0
0
0
1
0
0
0
1
0
0
0
0
0
0
0
0
0
0
1
0
0
0
0
0
0
0
0
0
0
1
1
0
0
0
0
1
0
0
0
1
0
0
0
0
0
0
0
0
0
0
0
0
0
0
0
0
0
0
0
0
0
0
1
0
0
0
0
0
0
0
0
0
0
0
0
0
0
1
0
0
0
0
0
0
1
0
0
0
0
0
0
0
0
0
0
0
0
0
0
0
1
0
0
0
0
0
0
0
0
1
0
1
0
0
0
1
0
0
0
0
0
0
0
0
0
0
0
0
0
0
0
1
0
0
1
0
0
1
0
0
0
0
0
0
0
0
0
0
0
1
1
0
0
0
2
0
0
0
0
0
0
0
0
0
0
0
0
0
0
0
1
0
0
0
0
1
0
0
0
0
0
0
1
0
0
0
0
0
0
0
0
0
0
0
0
0
0
0
0
1
1
0
1
0
0
1
0
0
1
2
0
0
0
1
1
0
0
0
1
0
1
1
1
0
0
0
0
0
0
2
0
1
0
0
0
0
0
0
0
0
0
0
1
0
0
0
0
0
0
0
0
0
1
0
0
0
0
0
0
0
0
0
0
0
0
1
0
0
1
0
0
0
0
1
0
0
0
0
1
1
0
0
1
0
0
0
0
0
0
0
1
0
0
1
0
0
0
1
0
1
0
0
0
0
0
0
0
0
1
1
0
0
0
0
0
0
0
0
0
0
1
1
0
0
0
2
0
0
1
0
0
0
0
1
0
1
0
0
1
0
0
0
0
0
0
0
1
0
0
1
0
0
0
0
0
0
0
0
0
0
0
1
0
0
0
0
0
0
0
0
0
0
1
1
1
0
0
0
0
0
0
0
0
1
0
0
0
1
0
0
0
1
0
0
0
0
1
0
0
1
0
0
0
1
0
0
0
0
0
0
0
0
0
0
0
1
0
0
1
0
0
0
0
0
0
0
0
0
0
0
0
0
0
0
0
1
1
1
0
0
0
0
0
0
0
0
0
0
0
1
0
0
0
1
0
0
0
0
0
0
0
0
0
0
0
0
0
0
0
1
0
1
0
1
0
1
1
1
0
0
0
0
0
1
0
1
0
0
0
1
0
0
0
0
1
0
0
0
0
0
1
0
0
0
1
0
0
0
0
1
1
0
0
1
1
1
0
0
0
1
0
2
0
2
0
0
0
0
0
0
0
0
0
0
0
0
0
0
1
0
1
0
0
0
0
1
0
0
0
0
1
0
0
1
0
0
1
0
0
2
0
0
0
1
0
0
0
0
1
0
0
0
0
0
0
0
0
1
0
0
0
0
1
0
0
0
0
0
1
0
1
1
0
0
0
0
0
0
0
1
0
0
0
0
0
0
0
1
0
0
0
0
0
1
0
0
0
0
0
3
0
0
0
0
0
1
1
0
0
0
0
0
0
0
0
0
0
0
0
0
0
0
0
0
1
1
0
0
0
1
1
1
0
1
2
0
0
0
0
1
0
1
0
0
0
0
1
0
0
0
0
1
0
0
0
0
0
1
1
0
1
0
0
0
1
0
1
1
0
0
0
0
0
0
0
1
0
0
0
0
0
0
0
1
0
0
0
0
0
0
0
0
0
0
0
0
0
0
0
0
0
1
0
0
0
0
0
0
2
0
0
0
0
0
0
0
1
0
0
0
0
0
0
0
0
0
0
0
0
0
0
0
0
0
0
0
0
0
1
0
0
0
0
0
0
0
0
0
0
0
0
0
0
0
0
1
1
0
0
0
0
0
0
0
0
0
0
1
0
0
1
0
1
0
0
0
0
0
0
0
0
0
0
1
0
0
0
0
0
1
0
1
0
0
0
0
0
0
0
0
0
0
0
0
0
0
0
0
0
0
0
0
0
0
0
0
1
0
0
0
0
1
0
0
0
0
0
1
0
0
0
0
0
0
0
0
1
0
0
0
0
1
0
0
0
0
0
0
1
0
0
0
0
0
0
0
1
0
0
0
0
0
0
1
0
0
1
1
0
0
0
0
0
0
0
2
0
0
0
0
0
1
1
0
0
0
0
1
0
0
0
0
0
0
0
0
1
0
0
0
0
0
0
0
0
1
0
0
0
0
0
0
0
0
0
1
0
0
0
0
0
0
0
0
0
1
0
0
0
0
0
0
0
0
0
0
0
0
0
0
0
0
1
0
1
1
0
0
0
0
0
0
0
0
0
0
0
0
0
0
0
1
0
0
0
0
0
0
0
0
0
1
0
0
0
0
0
0
0
0
0
0
0
1
2
0
1
0
0
0
0
0
0
1
0
1
0
0
0
0
0
0
0
0
0
0
0
0
0
0
0
0
0
0
1
0
0
0
1
0
0
2
0
0
0
0
0
0
0
0
0
0
1
0
0
0
0
1
0
0
0
0
1
0
3
1
0
0
0
0
0
0
0
0
0
0
0
0
0
0
0
0
0
0
0
0
0
0
0
0
0
1
0
0
0
0
0
0
1
0
0
0
0
1
0
0
0
0
0
0
0
0
0
0
0
0
0
2
0
0
1
0
0
0
0
0
0
0
0
0
0
1
0
0
0
0
0
0
0
0
0
0
0
0
0
0
0
0
0
0
0
0
0
0
1
0
1
0
0
0
1
0
0
0
1
0
0
0
0
0
0
0
0
0
0
0
0
0
0
0
0
0
0
0
1
0
0
0
0
0
0
0
0
1
0
0
0
0
0
0
0
0
0
0
0
0
0
0
0
0
0
1
0
0
0
0
0
0
1
0
1
0
0
1
0
0
0
0
0
1
0
0
0
0
0
0
0
0
0
0
0
0
0
0
0
0
0
0
0
0
0
0
0
0
0
0
0
0
0
0
0
1
0
0
1
0
1
0
0
0
0
1
0
1
0
1
0
0
0
0
0
0
0
0
0
1
1
0
0
0
0
0
0
1
0
0
0
0
0
0
0
0
0
0
0
0
0
0
0
0
0
0
0
0
0
0
0
0
0
0
0
0
0
0
0
0
0
0
0
1
0
0
0
0
0
0
0
0
0
0
0
0
0
0
0
0
0
1
0
0
0
0
0
0
0
0
0
0
0
0
0
0
1
0
0
1
0
1
0
0
0
0
0
1
0
0
0
0
0
0
0
0
1
0
0
0
0
0
0
1
1
1
0
0
1
0
0
0
0
0
0
0
0
1
0
0
0
0
1
0
0
0
0
0
0
0
0
0
0
0
0
0
0
0
0
0
0
0
0
0
0
0
1
0
0
0
0
0
0
1
0
0
0
0
0
1
0
0
0
0
1
0
0
1
0
0
0
1
0
0
0
1
0
0
0
0
0
0
0
0
0
0
0
0
0
0
0
0
0
0
1
0
0
0
0
0
0
0
0
0
0
1
0
0
0
0
1
1
0
0
0
0
1
0
0
0
0
0
1
0
0
0
0
0
0
1
0
0
0
0
0
0
0
0
0
0
0
0
0
0
0
1
0
0
0
0
0
0
0
0
0
0
0
0
0
0
0
0
0
1
0
0
0
0
0
0
0
0
0
0
0
0
0
0
1
0
0
0
0
0
0
0
0
0
0
0
0
0
0
0
0
0
0
0
0
2
0
0
0
0
0
0
0
0
0
0
0
0
0
0
0
0
0
0
0
0
0
1
0
0
0
2
0
0
0
0
1
0
0
0
0
0
0
0
0
0
0
0
0
0
0
0
0
0
0
0
0
0
0
1
0
0
0
1
0
0
0
0
0
0
0
0
0
0
0
0
0
0
0
0
0
0
0
0
0
0
0
0
0
0
0
0
0
0
0
0
0
1
0
0
0
0
0
1
0
0
0
0
0
0
0
0
0
0
0
0
0
0
0
0
0
0
0
0
0
0
0
0
0
0
0
0
0
0
0
0
1
0
0
0
0
0
0
0
0
0
0
0
0
0
0
0
0
0
0
0
0
0
0
0
0
0
0
0
0
0
0
0
0
0
0
0
0
1
0
0
0
0
0
0
0
0
0
0
0
0
0
0
0
0
0
0
0
0
0
0
1
0
0
0
0
0
0
0
0
0
0
0
0
0
0
0
0
0
0
0
0
0
0
0
0
1
0
0
0
0
1
0
0
0
0
0
1
1
0
0
0
0
0
0
0
0
0
0
0
0
0
0
0
0
1
0
0
0
0
0
0
0
0
0
0
0
0
0
0
0
0
1
0
1
0
0
0
0
0
1
0
0
0
0
0
0
0
0
1
0
0
0
0
0
0
0
0
0
0
0
0
0
0
0
0
2
0
0
0
0
0
0
0
1
0
0
0
0
0
0
0
0
0
0
0
0
0
0
0
0
0
0
0
0
0
0
0
0
0
0
0
0
0
0
0
0
0
0
0
0
0
0
0
0
0
0
0
0
0
0
0
0
0
0
0
0
0
0
0
0
0
0
0
0
0
0
0
0
0
0
0
0
0
0
0
0
0
0
0
0
0
0
0
0
0
0
0
0
1
0
0
0
0
0
0
0
1
0
0
0
0
0
0
0
0
0
0
0
0
0
0
0
0
0
0
1
0
0
0
0
0
0
0
0
0
0
0
0
0
0
0
0
0
0
0
0
0
0
0
0
0
0
0
0
0
0
0
0
0
1
0
0
0
0
0
0
0
0
0
0
0
0
0
0
1
0
0
0
0
0
0
0
0
0
0
0
0
0
0
0
0
0
0
0
0
0
0
0
0
0
0
0
0
0
1
0
0
1
0
0
0
0
0
0
0
1
0
0
0
0
0
0
0
0
0
0
0
0
0
0
0
0
0
0
0
0
0
0
0
0
0
0
0
0
0
1
0
1
0
0
0
0
0
0
0
0
0
0
0
0
0
0
0
0
0
0
1
0
1
0
0
0
0
0
0
0
0
0
0
0
0
0
0
0
0
0
0
0
0
0
0
0
0
1
0
0
0
0
0
0
0
0
0
0
0
0
0
0
0
0
0
0
1
0
0
0
0
0
0
0
0
0
0
0
0
1
0
0
0
0
0
0
0
0
0
0
0
0
0
0
0
0
0
0
0
1
0
0
0
1
0
1
0
0
0
0
0
0
0
0
0
0
0
0
0
0
1
0
0
0
0
0
0
0
0
0
0
0
0
0
1
0
0
0
0
0
0
0
0
0
0
0
0
0
0
1
0
0
0
0
0
0
0
0
1
0
1
1
0
0
0
0
0
0
0
0
0
0
0
1
0
0
0
0
1
0
0
0
0
0
0
0
1
0
0
0
0
0
0
1
0
0
0
0
0
0
0
1
0
0
0
0
0
0
0
0
0
0
0
0
0
0
0
0
0
0
0
0
0
0
0
0
0
1
0
0
0
0
0
1
0
0
0
0
0
0
0
1
1
0
0
0
0
0
0
0
0
0
0
1
0
0
0
0
0
0
0
0
0
0
0
0
0
1
0
0
0
1
1
0
0
0
0
0
0
0
1
0
0
1
0
1
0
0
0
0
0
0
1
0
0
0
0
0
0
0
0
0
0
1
1
0
0
0
0
0
0
0
2
0
0
0
0
0
1
0
0
0
0
1
0
1
0
0
0
0
0
0
1
0
0
1
1
0
0
0
0
0
0
0
0
0
0
0
0
1
0
1
0
0
0
0
0
1
0
1
1
0
0
1
0
0
0
0
0
0
0
0
0
0
0
0
0
1
0
0
0
1
0
0
0
0
0
0
1
0
0
0
0
0
0
0
0
0
0
0
1
0
0
1
0
0
0
0
0
0
0
0
1
1
0
0
0
0
0
0
0
0
0
0
0
0
0
0
0
0
0
0
0
0
0
0
0
0
0
0
0
0
0
1
0
0
0
0
1
0
1
0
0
0
0
0
1
0
0
0
1
0
0
0
0
1
0
0
0
0
0
0
1
0
0
0
0
0
0
0
0
0
1
0
0
1
0
0
0
0
0
0
0
0
0
0
0
0
0
0
0
0
0
0
0
0
0
0
0
0
0
0
0
1
0
0
0
0
0
1
1
0
0
0
0
0
0
0
0
0
0
0
0
0
0
0
0
0
0
0
0
0
1
0
1
0
2
0
2
0
0
0
0
1
1
0
1
1
0
0
1
0
1
1
0
0
1
1
0
0
0
0
0
0
0
0
1
0
0
0
0
1
1
1
1
0
0
1
0
0
0
0
0
0
0
0
0
0
0
0
0
0
0
0
0
0
0
0
1
0
0
1
0
0
0
1
0
0
0
0
1
0
0
0
0
0
0
1
0
1
1
1
0
0
0
0
0
0
0
0
0
0
0
0
0
0
0
0
0
0
0
0
0
1
0
1
0
1
1
0
0
0
0
0
0
0
0
0
0
0
0
0
0
0
0
0
0
0
0
0
0
0
1
0
0
0
0
0
0
1
0
0
0
0
0
0
0
0
1
0
0
0
0
0
0
0
0
0
0
0
1
0
0
0
0
0
0
0
0
0
0
1
0
0
0
0
0
0
0
0
0
0
0
1
1
2
0
0
0
0
2
0
0
0
1
1
1
0
0
0
0
0
0
0
0
0
0
0
0
1
0
0
0
0
0
0
1
0
0
0
0
0
0
0
0
0
0
0
0
0
0
0
0
0
0
0
0
1
0
0
1
0
0
0
0
0
0
0
0
0
1
0
0
0
0
0
0
0
0
0
0
0
1
0
0
0
0
0
0
0
0
0
1
0
0
0
1
0
0
0
0
0
0
0
0
0
0
0
0
0
0
0
0
0
0
0
0
0
0
0
1
0
0
0
0
0
0
0
0
1
0
0
0
0
0
1
0
0
0
0
0
0
0
1
0
0
0
0
0
0
0
0
0
0
1
0
0
0
0
0
0
0
0
0
0
0
1
0
0
0
1
0
0
0
0
0
0
0
0
0
1
0
0
0
0
0
0
0
0
0
0
0
0
0
0
0
0
0
1
0
0
0
0
0
0
0
0
0
0
0
0
0
0
0
0
0
0
0
0
0
0
0
0
1
0
0
0
0
0
0
1
0
0
0
0
1
0
0
0
0
0
0
0
0
0
0
1
1
0
0
0
1
0
0
0
0
0
0
0
0
0
0
0
0
0
0
1
0
0
0
0
0
0
0
0
0
0
0
0
0
0
0
0
0
0
0
0
0
0
0
0
0
0
0
0
0
0
0
0
0
0
0
0
0
0
1
0
0
0
0
0
0
0
0
0
0
0
0
0
0
0
0
0
0
0
0
0
0
0
0
0
0
0
0
0
0
0
0
0
0
0
0
0
0
0
0
0
0
0
0
0
0
0
0
0
0
0
0
0
0
0
0
0
0
0
0
0
0
0
0
0
0
0
0
0
0
0
0
0
0
0
0
0
0
0
0
0
0
0
1
1
0
0
0
0
0
2
0
0
0
0
0
0
0
0
0
0
0
0
0
0
0
0
0
0
0
0
0
0
0
0
0
0
0
0
0
0
0
0
0
0
0
0
0
0
0
0
0
0
0
0
0
0
0
0
0
0
0
0
0
0
0
0
0
0
0
0
0
0
0
0
0
1
0
0
0
0
0
0
0
0
0
0
0
0
0
0
0
0
0
0
0
0
0
0
0
0
0
0
0
0
0
0
0
0
0
0
0
0
0
0
0
0
0
0
1
0
0
0
0
0
0
0
0
0
0
0
0
0
0
0
0
0
0
0
0
0
0
0
0
0
0
0
0
0
0
0
0
0
1
1
0
0
0
0
0
0
0
0
0
1
0
0
0
0
0
0
0
0
0
0
0
0
0
0
0
0
0
0
0
0
0
0
0
0
0
0
0
0
0
0
0
0
0
0
0
0
0
0
0
0
0
0
0
0
0
0
0
0
0
0
0
1
0
0
0
0
0
0
0
1
0
0
0
0
0
0
0
0
0
0
0
0
0
0
0
0
0
0
0
0
0
0
0
0
0
0
0
0
0
0
0
0
0
0
0
0
0
0
0
0
0
0
0
0
0
0
0
0
0
0
0
0
0
0
0
0
0
0
0
0
0
0
0
0
0
0
0
0
0
0
0
0
0
0
0
0
0
0
0
0
0
0
0
0
0
0
0
0
0
0
0
0
0
0
0
0
0
0
0
0
0
0
0
0
0
0
0
0
0
0
0
0
0
0
0
0
0
0
0
0
0
0
0
0
0
0
0
0
0
0
0
0
0
0
0
0
0
0
0
0
0
0
0
0
0
0
0
0
0
0
0
0
0
0
0
0
0
0
0
0
0
0
0
0
0
0
0
0
0
0
0
0
0
0
0
0
0
0
0
0
0
0
0
0
0
0
0
0
0
0
0
0
0
0
0
0
0
0
0
0
0
0
0
0
0
0
0
0
0
0
0
0
0
0
0
0
0
0
0
0
0
0
0
0
0
0
0
0
0
0
0
0
0
0
0
0
0
0
0
0
0
0
0
0
0
0
0
0
0
0
0
0
0
0
0
0
0
0
0
0
0
0
0
1
0
0
0
0
0
0
0
0
0
0
0
0
0
0
0
0
0
0
0
0
0
0
0
0
0
0
0
0
0
0
0
0
0
0
0
0
0
0
0
0
0
0
0
0
0
0
0
0
0
0
0
0
0
0
0
0
0
0
0
0
0
0
0
0
0
0
0
0
0
0
0
0
0
0
0
0
0
0
0
0
0
0
0
0
0
0
0
0
0
0
0
0
0
0
0
0
0
0
0
0
0
0
0
0
0
0
0
0
0
0
0
0
0
0
0
0
0
0
0
0
0
0
0
0
0
0
0
0
0
0
0
0
0
0
0
0
0
0
0
0
0
0
0
0
0
0
0
0
0
0
0
0
0
0
0
0
0
0
0
0
0
0
0
0
0
0
0
0
0
0
0
0
0
0
0
0
0
0
0
0
0
0
0
0
0
0
0
0
0
0
0
0
0
0
0
0
0
0
0
0
0
0
0
0
0
0
0
0
0
0
0
0
0
0
0
0
0
0
0
0
0
0
0
0
0
0
0
0
0
0
0
0
0
0
0
0
0
0
0
0
0
0
0
0
0
0
0
0
0
0
0
0
0
0
0
0
0
0
0
0
0
0
0
0
0
0
0
0
0
0
0
0
0
0
0
0
0
0
0
0
0
0
0
0
0
0
0
0
0
0
0
0
0
0
0
0
0
0
0
0
0
0
0
0
0
0
0
0
0
0
0
0
0
0
0
0
0
0
0
0
0
0
0
0
0
0
0
0
0
0
0
0
0
0
0
0
0
0
0
0
0
0
0
0
0
0
0
0
0
0
0
0
0
0
0
0
0
0
0
0
0
0
0
0
0
0
0
0
0
0
0
0
0
0
0
0
0
0
0
0
0
0
0
0
0
0
0
0
0
0
0
0
0
0
0
0
0
0
0
0
0
0
0
0
0
0
0
0
0
0
0
0
0
0
0
0
0
0
0
0
0
0
0
0
0
0
0
0
0
0
0
0
0
0
0
0
0
0
0
0
0
0
0
0
0
0
0
0
0
0
0
0
0
0
0
0
0
0
0
0
0
0
0
0
0
0
0
0
0
0
0
0
0
0
0
0
0
0
0
0
0
0
0
0
0
0
0
0
0
0
0
0
0
0
0
0
0
0
0
0
0
0
0
0
0
0
0
0
0
0
0
0
0
0
0
0
0
0
0
0
0
0
0
0
0
0
0
0
0
0
0
0
0
0
0
0
0
0
0
0
0
0
0
0
0
0
0
0
0
0
0
0
0
0
0
0
0
0
0
0
0
0
0
0
0
0
0
0
0
0
0
0
0
0
0
0
0
0
0
0
0
0
0
0
0
0
0
0
0
0
0
0
0
0
0
0
0
0
0
0
0
0
0
0
0
0
0
0
0
0
0
0
0
0
0
0
0
0
0
0
0
0
0
0
0
0
0
0
0
0
0
0
0
0
0
0
0
0
0
0
0
0
0
0
0
0
0
0
0
0
0
0
0
0
0
0
0
0
0
0
0
1
0
0
0
0
0
0
0
0
0
0
0
0
0
0
0
0
0
0
0
0
0
0
0
0
0
0
0
0
0
0
0
0
0
0
0
0
0
0
1
0
0
0
0
0
0
0
0
0
0
0
0
0
0
0
0
0
0
0
0
0
0
0
0
0
0
0
0
0
0
0
0
0
0
0
0
0
0
0
0
0
0
0
0
0
0
0
0
0
0
0
0
0
0
0
0
0
0
0
0
0
0
0
0
0
0
0
0
0
0
0
0
0
0
0
0
0
0
0
0
0
0
0
0
0
0
0
0
0
0
0
0
0
0
0
0
0
0
0
0
0
1
0
0
0
0
0
0
0
0
0
0
0
0
0
0
0
0
0
0
0
0
0
0
0
0
0
0
0
0
0
0
0
0
0
0
0
0
0
0
0
0
0
0
0
0
0
0
0
0
0
0
0
0
0
0
0
0
0
0
0
0
0
0
0
0
0
0
0
0
0
0
0
0
0
0
0
0
0
0
0
1
0
0
0
0
0
0
0
0
0
0
0
0
0
0
0
0
0
0
0
0
0
0
0
0
0
0
0
0
0
0
0
0
0
0
0
0
0
0
0
0
0
0
0
0
0
0
0
0
0
0
0
0
0
0
0
0
0
0
0
0
0
0
0
0
0
0
0
0
0
0
0
0
0
0
0
0
0
0
0
0
0
0
0
0
0
0
0
0
0
0
0
0
0
0
0
0
0
0
0
0
0
0
0
0
0
0
0
0
0
0
0
0
0
0
0
0
0
0
0
0
0
0
0
0
0
0
0
0
0
0
0
0
0
0
0
0
0
0
0
0
0
0
0
0
0
0
0
0
0
0
0
0
0
0
0
0
0
0
0
0
0
0
0
0
0
0
0
0
0
0
0
0
0
0
0
0
0
0
0
0
0
0
0
0
0
0
0
0
0
0
0
0
0
0
0
0
0
0
0
0
0
0
0
0
0
0
0
0
0
0
0
0
0
0
0
0
0
0
0
0
0
0
0
0
0
0
0
0
0
0
0
0
0
0
0
0
0
0
0
0
0
1
0
0
0
0
0
0
0
0
0
0
0
0
0
0
0
0
0
0
0
0
0
0
0
0
0
0
0
0
0
0
0
0
0
0
0
0
0
0
0
0
0
0
0
0
0
0
0
0
0
0
0
0
0
0
0
0
0
0
0
0
0
0
0
0
0
0
0
0
0
0
0
0
0
0
0
0
0
0
0
0
0
0
0
0
0
0
0
0
0
0
0
0
0
0
0
0
0
0
0
0
0
0
0
0
0
0
0
0
0
0
0
0
0
0
0
0
0
0
0
0
0
0
0
0
0
0
0
0
0
0
0
0
0
0
0
0
0
0
0
0
0
0
0
0
0
0
0
0
0
0
0
0
0
0
0
0
0
0
0
0
0
0
0
0
0
0
0
0
0
0
0
0
0
0
0
0
0
0
0
0
0
0
0
0
0
0
0
0
0
0
0
0
0
0
0
0
0
0
0
0
0
0
0
0
0
0
0
0
0
0
0
0
0
0
0
0
0
0
0
0
0
0
0
0
0
0
0
0
0
0
0
0
0
0
0
0
0
0
0
0
0
0
0
0
0
0
0
0
0
0
0
0
0
0
0
0
0
0
0
0
0
0
0
0
0
0
0
0
0
0
0
0
0
0
0
0
0
0
0
0
0
0
0
0
0
0
0
0
0
0
0
0
0
0
0
0
0
0
0
0
0
0
0
0
0
0
0
0
0
0
0
0
0
0
0
0
0
0
0
0
0
0
0
0
0
0
0
0
0
0
0
0
0
0
0
0
0
0
0
0
0
0
0
0
0
0
0
0
0
0
0
0
0
0
0
0
0
0
0
0
0
0
0
0
0
0
0
0
0
0
0
0
0
0
0
0
0
0
0
0
0
0
0
0
0
0
0
0
0
0
0
0
0
0
0
1
0
0
0
0
0
0
0
0
0
0
0
0
0
0
0
0
0
0
0
0
0
0
0
0
0
0
0
0
0
0
0
0
0
0
0
0
0
0
0
0
0
0
0
0
0
0
0
0
0
0
0
0
0
0
0
0
0
0
0
0
0
0
0
0
0
0
0
0
0
0
0
0
0
0
0
0
0
0
0
0
0
0
0
0
0
0
0
0
0
0
0
0
0
0
0
0
0
0
0
0
0
0
0
0
0
0
0
0
0
0
0
0
0
0
0
0
0
0
0
0
0
0
0
0
0
0
0
0
0
0
0
0
0
0
0
0
0
0
0
0
0
0
0
0
0
0
0
0
0
0
0
0
0
0
0
0
0
0
0
0
0
0
0
0
0
0
0
0
0
0
0
0
0
0
0
0
0
0
0
0
0
0
0
0
0
0
0
0
0
0
0
0
0
0
0
0
0
0
0
0
0
0
0
0
0
0
0
0
0
0
0
0
0
0
0
0
0
0
0
0
0
0
0
0
0
0
0
0
0
0
0
0
0
0
0
0
0
0
0
0
0
0
0
0
0
0
0
0
0
0
0
0
0
0
0
0
0
0
0
0
0
0
0
0
0
0
0
0
0
0
0
0
1
0
0
0
0
0
0
0
0
0
0
0
0
0
0
0
0
0
0
0
0
0
0
0
0
0
0
0
0
0
0
0
0
0
0
0
0
0
0
0
0
0
0
0
0
0
0
0
0
0
0
0
0
0
0
0
0
0
0
0
0
0
0
0
0
0
0
0
0
0
0
0
0
0
0
0
0
0
0
0
0
0
0
0
0
0
0
0
0
0
0
0
0
0
0
0
0
0
0
0
0
0
0
0
0
0
0
0
0
0
0
0
0
0
0
0
0
0
0
0
0
0
0
0
0
0
0
0
0
0
0
0
0
0
0
0
0
0
0
0
0
0
0
0
0
0
0
0
0
0
0
0
0
0
0
0
0
0
0
0
0
0
0
0
0
0
0
0
0
0
0
0
0
0
0
0
0
0
0
0
0
0
0
0
0
0
0
0
0
0
0
0
0
0
0
0
0
0
0
0
0
0
0
0
0
0
0
0
0
0
0
0
0
0
0
0
0
0
0
0
0
0
0
0
0
0
0
0
0
0
0
0
0
0
0
0
0
0
0
0
0
0
0
0
0
0
0
0
0
0
0
0
0
0
0
0
0
0
0
0
0
0
0
0
0
0
0
0
0
0
0
0
0
0
0
0
0
0
0
0
0
0
0
0
0
0
0
0
0
0
0
0
0
0
0
0
0
0
0
0
0
0
0
0
0
0
0
0
1
0
0
0
0
0
0
0
0
0
0
0
0
0
0
0
0
0
0
0
0
0
0
0
0
0
0
0
0
0
0
0
0
0
0
0
0
0
0
0
0
0
0
0
0
0
0
0
0
0
0
0
0
0
0
0
0
0
0
0
0
0
0
0
0
0
0
0
0
0
0
0
0
0
0
0
0
0
0
0
0
0
0
0
0
0
0
0
0
0
0
0
0
0
0
0
0
0
0
0
0
0
0
0
0
0
0
0
0
0
0
0
0
0
0
0
0
0
0
0
0
0
0
0
0
0
0
0
0
0
0
0
0
0
0
0
0
0
0
0
0
0
0
0
0
0
0
0
0
0
0
0
0
0
0
0
0
0
0
0
0
0
0
0
0
0
0
0
0
0
0
0
0
0
0
0
0
0
0
0
0
0
0
0
0
0
0
0
0
0
0
0
0
0
0
0
0
0
0
0
0
0
0
0
0
0
0
0
0
0
0
0
0
0
0
0
0
0
0
0
0
0
0
0
1
0
0
0
0
0
0
0
0
0
0
0
0
0
0
0
0
0
0
0
0
0
0
0
0
0
0
0
1
0
0
0
0
0
0
0
0
0
0
0
0
0
0
0
0
0
0
0
0
0
0
0
0
0
0
0
0
0
0
0
0
0
0
0
0
0
0
0
0
0
0
0
0
0
0
0
0
0
0
0
0
0
0
0
0
0
0
0
0
0
0
0
0
0
0
0
0
0
0
0
0
0
0
0
0
0
0
0
0
0
0
0
0
0
0
0
0
0
0
0
0
0
0
0
0
0
0
0
0
0
0
0
0
0
0
0
0
0
0
0
0
0
0
0
0
0
0
0
0
0
0
0
0
0
0
0
0
0
0
0
0
0
0
0
0
0
0
0
0
0
0
0
0
0
0
0
0
0
0
0
0
0
0
0
0
0
0
0
0
0
0
0
0
0
0
0
0
0
4
