0
0
0
0
1
0
0
0
1
0
1
0
1
0
1
1
2
1
0
0
0
0
1
0
0
0
0
0
0
0
1
0
0
0
0
0
0
0
0
0
0
0
0
0
0
0
0
0
0
0
0
0
0
0
0
0
0
0
1
0
0
0
0
0
0
0
0
0
0
0
0
1
0
0
0
0
0
1
0
1
0
1
0
1
1
1
0
6
1
2
4
1
7
3
6
8
9
13
6
10
16
13
5
19
15
19
27
25
26
25
25
33
27
40
31
34
36
34
52
51
49
54
71
67
65
76
73
74
67
84
92
85
76
93
100
105
93
119
117
116
118
123
110
117
117
121
140
118
124
140
130
129
136
147
179
149
162
184
199
158
164
152
207
162
161
181
155
200
165
185
197
207
187
199
170
185
186
194
190
193
212
191
194
189
158
186
202
190
216
186
169
169
188
197
179
208
188
185
205
171
197
201
210
183
181
205
207
196
174
206
203
206
196
174
175
174
165
189
199
190
192
172
223
198
219
203
166
175
202
202
190
162
166
212
207
158
168
185
186
201
178
181
218
191
192
188
193
202
201
176
205
196
211
178
180
180
191
209
181
184
192
190
204
206
193
197
166
201
183
188
213
213
204
162
192
180
208
182
206
193
195
192
202
196
221
198
232
187
188
201
213
200
180
199
210
200
211
196
195
196
238
200
207
217
199
211
178
195
188
206
218
220
220
190
223
229
217
199
208
193
215
204
214
190
225
209
207
224
204
204
246
208
219
204
226
199
195
236
226
206
223
209
235
222
220
215
245
198
220
226
242
236
228
227
204
212
267
222
220
204
225
223
240
225
225
217
213
244
259
195
253
222
216
225
224
225
237
244
213
241
226
235
253
237
232
223
226
255
243
218
217
213
209
234
244
212
251
233
247
252
244
233
259
239
220
250
203
268
260
231
237
245
227
244
282
225
261
219
244
240
238
230
249
246
297
223
231
244
264
254
250
235
221
273
239
250
218
267
271
230
254
262
260
253
256
261
280
256
248
250
242
241
258
276
255
272
258
278
273
258
269
241
241
233
234
261
263
278
265
222
252
271
257
248
268
261
259
228
227
263
248
237
246
244
257
214
268
260
257
251
281
269
221
235
270
268
268
259
251
257
255
249
258
235
267
249
233
278
237
239
254
232
234
239
258
261
247
265
246
250
233
245
264
248
265
259
252
282
247
229
242
275
267
248
237
252
249
242
247
242
263
241
266
243
235
238
245
250
237
264
261
258
245
286
218
270
253
246
241
253
243
218
244
234
280
256
240
250
241
224
263
239
260
258
245
233
262
241
248
258
219
270
278
246
235
253
227
238
245
260
222
235
247
241
246
248
247
232
236
239
270
232
251
236
221
234
286
254
251
258
240
229
261
253
257
251
234
253
259
247
228
239
231
232
229
251
241
244
275
232
248
245
221
229
231
266
269
257
251
243
245
231
240
247
272
237
228
274
247
253
253
233
256
255
224
243
227
248
238
247
256
254
242
270
265
227
249
245
261
256
246
240
240
242
228
239
261
214
228
248
244
247
262
251
253
258
224
234
213
245
220
248
240
236
243
231
247
237
225
236
243
230
249
220
263
226
259
231
228
244
249
223
206
233
243
223
231
258
218
211
222
228
244
256
236
256
248
263
220
210
234
222
240
243
222
237
226
235
222
245
246
251
238
242
220
242
234
229
244
232
227
228
210
234
211
199
248
222
240
258
221
209
246
255
237
218
239
205
254
240
245
240
256
224
251
246
224
253
231
227
231
228
209
227
264
254
221
212
230
248
238
212
226
235
251
221
240
236
230
234
222
222
219
249
235
250
240
199
243
221
238
246
274
231
231
211
231
228
222
230
251
236
224
232
251
263
206
223
228
232
222
248
237
218
229
212
222
243
202
251
225
216
196
194
230
201
213
208
227
235
212
233
221
247
244
220
178
230
245
229
227
226
251
227
228
237
233
231
228
188
220
239
242
207
248
229
218
202
194
230
187
230
216
237
240
223
199
239
191
241
214
225
212
211
224
211
204
241
216
246
235
216
225
239
222
199
232
206
217
207
221
196
221
217
238
212
216
235
231
218
216
187
206
225
238
219
212
221
196
207
213
208
225
219
202
209
239
225
223
213
234
237
226
220
223
207
205
214
227
221
217
211
209
238
246
244
228
221
250
210
215
212
208
214
208
201
183
232
225
200
221
209
218
237
229
230
207
191
198
211
215
229
209
198
248
190
222
195
235
208
228
204
217
231
210
187
210
223
239
211
202
196
221
213
209
211
237
243
208
235
199
205
188
218
205
210
197
237
192
217
220
196
221
227
214
196
188
205
238
218
195
197
268
225
212
174
238
230
224
208
211
212
240
204
217
228
232
230
208
209
221
198
209
206
208
218
233
213
232
210
218
248
224
217
230
255
225
252
200
196
240
234
239
225
226
235
230
233
263
206
252
240
209
238
203
233
227
227
232
230
224
229
228
244
221
212
240
244
224
234
241
257
212
235
223
243
248
260
251
238
226
244
259
247
260
231
266
235
250
249
254
243
234
230
251
243
252
269
235
248
223
240
252
270
232
243
276
248
265
243
286
263
270
223
272
253
224
247
271
264
249
254
268
256
286
278
310
255
286
268
278
250
295
283
261
310
278
272
278
269
265
268
293
270
279
265
258
291
275
260
279
268
260
274
277
277
291
278
264
282
274
263
269
290
259
274
283
284
268
274
254
277
290
248
275
292
267
282
283
279
280
296
293
275
290
280
267
276
297
268
294
261
269
273
276
279
269
269
267
244
274
260
274
268
311
250
291
258
248
297
282
251
264
230
263
259
278
270
271
256
258
264
248
263
279
261
260
279
266
280
267
265
256
279
244
245
270
245
256
246
260
255
231
308
268
253
254
266
257
264
264
260
246
260
263
255
284
235
240
257
250
221
238
259
270
233
238
272
238
227
274
233
233
240
253
223
269
234
245
221
261
230
238
252
251
233
214
241
228
251
214
256
212
233
230
273
246
227
219
254
257
230
239
240
247
246
264
231
258
250
226
249
247
269
244
244
239
243
246
221
268
202
238
245
254
243
232
230
207
246
211
241
214
217
244
210
240
249
249
229
222
261
228
245
205
246
251
221
205
210
237
254
219
213
236
220
210
210
189
212
218
216
220
220
235
212
200
212
213
215
233
200
221
203
237
225
227
230
226
231
196
247
220
228
194
212
221
228
199
217
209
201
214
195
226
235
222
215
183
208
229
199
197
193
221
216
213
237
237
232
203
198
179
213
188
223
233
209
222
222
207
211
221
227
200
228
213
216
179
180
208
220
209
186
230
211
207
220
187
226
201
197
238
237
222
206
209
199
222
219
210
213
203
217
231
221
230
198
217
211
209
215
202
225
206
221
229
213
193
201
230
198
177
189
202
187
217
224
198
228
214
190
218
219
209
211
193
204
210
191
204
206
198
193
198
188
199
178
206
204
187
199
232
226
199
179
204
196
216
208
186
177
192
188
192
208
209
167
192
196
186
202
211
224
186
164
213
210
200
202
205
225
221
226
201
196
204
168
206
201
206
193
202
207
204
178
219
184
177
195
189
182
203
210
206
215
199
202
205
227
189
201
187
219
229
157
201
216
200
212
209
206
206
192
182
201
178
195
218
192
200
205
203
192
186
196
204
214
202
209
208
204
220
196
176
185
202
195
215
194
223
196
204
201
201
198
215
183
187
202
215
192
193
213
191
159
198
200
172
175
218
156
194
208
188
199
186
192
198
196
192
199
197
208
186
202
175
212
192
184
203
155
206
196
190
174
196
186
175
214
189
200
176
190
183
180
178
194
219
163
193
176
194
163
178
168
213
180
176
168
172
185
198
209
170
213
199
185
166
172
189
191
181
177
186
195
186
198
195
178
184
180
193
195
199
205
206
193
200
185
194
194
206
188
193
179
179
180
174
176
167
197
176
189
171
158
200
170
178
159
172
174
179
176
173
169
176
178
196
185
195
194
189
167
192
188
178
164
178
192
197
177
188
191
174
177
170
206
168
156
185
175
182
175
180
185
178
174
182
178
171
184
169
190
153
188
202
187
182
199
193
174
185
167
162
179
186
194
177
194
181
189
164
187
161
187
176
213
170
173
166
191
169
193
176
171
170
170
166
171
178
178
171
207
178
180
200
160
168
158
178
195
157
191
143
190
192
178
175
175
176
186
183
183
184
174
183
177
186
174
174
178
178
162
155
177
154
166
202
192
161
162
175
160
182
165
169
159
162
169
166
154
188
182
165
180
183
173
158
184
161
190
163
156
169
164
179
175
167
147
179
165
180
214
182
174
167
169
135
180
184
168
150
183
182
180
180
180
182
167
169
163
150
187
187
172
178
168
185
162
146
177
178
165
198
168
164
177
164
152
165
150
159
169
157
185
152
158
161
189
168
162
165
167
176
164
175
166
178
183
154
156
163
171
167
172
172
162
149
171
168
171
165
146
160
157
161
164
184
195
163
157
187
162
169
156
192
158
162
167
155
184
167
153
164
164
154
170
168
172
163
160
168
141
182
183
168
173
177
178
144
159
163
140
170
165
183
176
146
146
190
147
168
165
157
159
164
155
158
147
161
174
142
175
144
154
192
174
171
158
172
173
163
135
166
184
166
166
162
186
168
163
159
177
175
166
190
175
168
151
165
176
164
172
174
180
178
172
177
161
165
172
164
171
155
167
184
172
163
165
179
161
170
155
167
169
166
146
142
146
168
151
162
182
140
169
178
161
171
171
164
154
182
171
172
132
168
166
179
160
182
160
164
152
159
152
171
147
164
152
161
179
163
147
168
195
138
187
159
155
132
176
158
182
172
151
176
154
162
156
153
176
168
168
151
149
141
146
170
164
152
153
178
147
154
160
170
150
158
164
137
193
146
150
150
157
144
158
159
167
160
175
161
147
161
158
147
151
160
166
168
155
148
149
162
161
160
174
183
173
166
174
158
161
175
167
168
158
154
154
184
172
139
154
158
164
173
177
166
187
156
182
132
160
156
161
159
155
157
155
154
155
146
193
158
159
175
151
148
163
180
177
135
160
154
168
144
175
163
109
167
152
168
177
157
152
151
155
144
147
164
150
164
149
175
160
156
165
163
150
155
147
162
169
158
151
153
159
134
158
173
180
137
148
141
177
152
170
154
165
176
148
162
136
172
167
146
175
171
148
185
165
155
175
148
166
137
147
182
159
144
148
148
195
160
141
159
145
144
159
150
164
161
159
154
167
151
167
176
162
166
151
165
147
158
153
176
152
151
121
162
142
159
156
138
161
172
174
164
156
173
172
145
154
147
157
156
169
171
176
162
176
150
134
162
162
172
160
153
152
132
174
147
167
160
153
167
141
160
167
148
155
151
158
177
151
134
166
129
141
148
166
161
151
137
169
159
145
178
164
153
172
156
144
171
142
156
147
155
185
166
158
163
172
153
141
140
156
149
155
160
150
140
133
157
158
167
168
152
163
150
149
171
146
160
130
167
175
177
131
152
145
160
152
152
156
143
158
171
158
152
161
154
171
153
140
165
167
161
169
150
135
185
153
165
160
165
125
142
169
138
171
162
156
146
173
161
163
156
152
153
176
143
142
172
173
174
138
145
139
168
146
170
166
131
172
157
160
144
182
148
160
160
158
167
148
143
122
142
149
145
158
146
164
173
141
161
149
140
165
162
167
177
172
139
166
160
155
151
153
167
161
135
165
173
162
174
150
141
156
168
148
144
155
134
166
159
130
151
165
148
135
177
161
136
165
172
152
166
155
135
159
155
190
174
155
158
157
137
155
163
176
168
148
155
128
140
160
150
151
128
139
145
152
163
165
170
180
144
143
168
164
128
129
151
144
160
158
167
153
155
172
150
182
136
160
167
150
158
161
153
166
133
146
167
168
149
159
139
161
127
139
145
171
160
148
155
141
178
128
172
157
128
154
169
167
137
180
162
158
151
133
131
160
137
166
143
174
174
182
154
159
166
132
166
151
148
145
145
159
178
163
170
152
159
170
153
145
155
177
159
140
160
141
155
143
178
174
172
141
146
152
151
149
146
166
154
157
158
146
133
151
159
136
151
165
156
154
121
139
164
156
140
161
141
142
151
154
166
154
155
158
163
155
164
152
150
158
143
151
143
131
137
181
179
147
176
144
157
145
162
172
147
134
157
144
158
156
141
174
153
156
153
165
146
136
156
160
164
166
170
166
160
137
174
153
177
170
155
156
162
168
143
148
169
117
152
140
141
143
158
153
131
149
150
164
166
156
169
169
150
139
142
164
166
134
147
151
154
132
162
151
146
150
134
157
147
160
171
151
155
159
142
145
151
166
153
156
144
145
147
150
140
153
163
148
164
155
132
174
149
161
142
130
149
153
153
138
149
142
143
151
177
154
147
170
155
151
160
171
125
165
151
154
164
150
141
151
155
147
156
147
144
139
156
135
145
139
160
151
147
130
176
176
148
148
166
151
163
156
162
170
137
140
170
159
160
183
158
154
149
156
161
157
156
119
143
159
145
148
158
160
173
159
147
165
135
136
130
147
163
157
143
149
139
131
142
154
129
168
136
141
158
128
134
145
144
147
159
139
166
171
137
142
148
144
155
164
148
170
132
164
150
163
161
152
157
134
147
162
151
147
135
161
156
150
181
137
165
157
173
160
151
163
146
148
146
163
175
138
147
151
164
158
154
154
147
143
155
142
173
182
163
167
154
160
163
160
137
168
140
158
150
163
151
148
129
170
146
152
158
164
138
125
171
140
148
137
181
167
190
145
151
164
146
146
130
156
176
150
158
150
158
152
152
139
118
133
162
162
166
156
175
137
142
161
160
164
159
150
164
139
148
168
164
140
137
151
148
153
154
174
149
137
164
151
160
162
153
162
148
139
133
167
170
147
168
171
144
169
153
165
149
158
159
152
131
142
158
160
141
154
146
143
144
158
145
160
152
139
160
141
168
136
148
181
139
143
160
160
152
161
147
172
150
152
151
140
174
157
169
151
174
148
167
146
144
156
141
142
129
162
174
165
167
160
145
156
150
147
150
154
159
162
138
151
160
149
177
154
155
141
139
166
169
143
170
159
173
149
165
151
157
139
151
153
159
136
167
169
160
177
153
144
153
166
166
140
140
143
145
150
171
158
154
150
157
159
127
135
169
128
155
163
144
167
149
172
146
176
135
165
150
155
148
138
169
160
145
171
156
170
171
133
133
146
145
178
166
158
159
154
155
172
154
170
141
149
153
150
154
145
164
150
170
163
135
146
154
145
161
153
131
148
178
154
154
149
145
178
175
136
135
153
146
162
155
167
167
163
152
146
161
152
157
170
161
161
156
144
159
145
152
144
161
147
160
155
143
157
144
173
183
143
151
155
154
145
160
186
168
145
147
153
174
167
154
172
172
148
170
165
157
164
156
164
163
180
154
154
139
171
164
161
156
147
149
164
159
142
174
169
159
169
161
139
156
156
146
143
136
142
166
158
150
167
162
155
170
156
155
156
166
155
152
152
142
159
147
162
155
125
159
147
165
142
147
168
132
162
148
158
162
150
120
171
146
162
171
148
169
146
136
144
170
169
174
160
157
173
141
130
147
152
156
152
155
161
153
153
148
138
135
177
156
186
142
148
160
140
158
170
167
156
152
142
133
148
188
161
145
153
155
150
137
148
157
150
169
157
163
146
153
156
150
145
158
164
157
151
156
158
139
149
167
159
171
161
168
140
158
159
161
145
165
159
174
140
154
160
141
180
170
158
173
178
158
148
155
145
149
129
153
154
161
163
148
173
143
161
165
157
146
154
137
151
164
161
159
159
164
132
161
161
156
172
153
160
175
161
141
147
163
159
151
174
151
172
179
178
166
177
171
169
140
147
174
133
149
170
164
154
172
186
153
172
153
169
165
175
179
173
143
155
145
190
156
182
193
165
146
159
155
149
171
154
154
155
139
160
171
165
156
146
161
175
141
167
146
153
185
159
149
168
165
150
167
163
166
152
157
144
172
157
149
144
148
168
132
140
175
164
151
174
157
167
154
168
159
165
149
148
171
161
177
167
141
158
161
155
159
141
158
162
157
140
153
153
161
147
165
172
158
170
142
169
160
164
135
157
159
160
160
180
156
161
171
143
184
136
167
163
171
147
165
168
192
148
148
157
157
156
151
162
163
170
147
122
194
186
158
172
143
153
135
146
165
143
158
150
146
146
171
169
183
159
190
155
138
183
168
163
159
164
154
179
150
170
150
159
166
163
151
165
170
177
154
164
136
146
154
135
169
133
165
166
149
158
163
167
160
176
172
163
139
145
160
159
165
162
168
170
150
168
155
131
164
138
155
185
162
172
193
151
170
165
151
161
157
144
182
173
164
158
154
178
165
188
187
167
172
159
179
168
178
176
173
170
160
161
149
139
155
172
187
168
143
169
180
172
154
180
147
166
165
161
173
171
161
150
167
151
172
157
136
158
149
160
165
186
168
154
144
184
161
161
155
179
166
168
185
190
185
183
158
166
180
135
168
131
173
158
174
175
171
172
179
148
151
159
166
180
157
164
154
167
135
177
154
170
158
155
187
158
161
172
165
160
154
167
166
137
170
169
184
169
168
167
173
188
158
152
159
164
174
185
149
183
166
185
164
176
150
170
184
169
184
153
160
172
156
169
134
162
163
180
144
145
187
186
171
175
162
157
162
147
161
169
148
159
157
170
153
177
155
130
158
171
178
132
155
143
173
147
151
161
161
157
168
145
155
167
157
152
183
158
176
163
163
172
163
166
155
176
183
164
157
167
161
163
136
182
169
152
176
151
186
153
160
167
182
164
175
161
148
169
159
159
173
158
171
175
161
153
181
171
184
176
167
143
160
172
161
171
180
167
160
150
169
168
161
151
177
202
158
156
201
156
159
157
166
182
166
160
157
188
174
169
168
187
160
170
183
157
167
165
169
152
182
160
177
167
159
159
163
153
181
154
154
176
162
166
160
153
199
174
160
176
136
153
179
154
173
153
186
180
175
182
169
176
163
197
174
131
169
156
169
152
142
164
198
171
155
185
196
181
174
174
188
187
175
188
184
179
160
166
183
164
169
153
169
171
163
175
160
183
167
192
186
199
192
165
161
171
190
153
162
179
194
181
170
172
169
191
166
178
173
145
163
166
190
194
164
161
166
183
164
199
163
152
159
148
175
178
176
159
193
184
172
156
184
151
169
168
159
166
186
186
155
185
161
169
174
184
150
179
173
164
164
150
158
161
159
193
182
154
172
167
158
185
188
187
172
190
174
163
148
174
169
173
182
188
186
161
157
178
177
191
166
190
179
161
190
171
194
186
189
163
210
187
185
160
160
176
199
185
174
167
189
180
194
155
159
168
188
175
193
183
171
176
166
205
168
196
176
182
188
188
138
164
169
183
201
187
174
181
194
206
175
173
185
175
188
167
175
173
161
203
183
211
180
168
186
176
183
211
177
183
194
178
172
180
152
164
177
202
173
204
164
154
157
183
198
183
167
187
180
177
182
190
178
187
177
201
169
187
175
179
183
179
185
147
161
172
188
189
166
190
173
220
190
212
206
191
174
176
185
169
195
177
189
183
170
170
177
193
193
170
192
209
183
184
165
193
176
191
201
186
195
156
195
174
176
192
180
172
195
195
174
169
184
200
167
166
165
207
172
200
172
184
186
204
190
192
189
190
210
179
198
189
186
197
184
188
196
174
218
170
187
210
186
175
183
194
161
179
189
190
176
181
192
160
172
182
192
183
178
200
182
209
207
171
177
194
193
201
200
194
187
180
185
221
171
175
194
207
196
190
212
160
192
212
197
191
186
170
195
164
191
210
193
214
203
205
185
176
195
188
221
175
191
167
193
178
190
186
167
199
182
209
206
189
173
164
197
186
234
208
200
208
193
196
180
181
205
193
185
179
191
205
210
201
175
202
188
186
185
205
198
205
183
185
186
175
167
181
199
186
163
191
183
190
207
201
182
205
185
214
187
152
186
168
190
177
189
189
184
182
191
207
176
184
181
219
181
191
189
185
210
200
207
164
193
185
199
186
204
196
194
196
198
190
188
181
230
189
175
177
193
212
219
221
180
185
216
195
176
207
181
203
184
182
174
184
210
212
188
178
184
214
211
200
214
166
215
182
179
178
148
195
179
177
178
190
192
185
191
191
195
194
197
172
192
199
190
205
199
216
180
183
184
188
206
190
187
198
186
180
213
183
185
184
179
206
184
190
200
170
223
212
196
200
179
206
190
192
177
183
201
195
182
183
178
168
189
209
204
181
192
200
205
206
196
199
193
187
211
186
203
157
194
198
185
208
219
203
179
195
199
198
202
177
188
220
216
205
206
184
186
210
192
171
185
191
195
187
188
198
196
207
201
218
200
202
191
192
168
199
170
178
202
180
180
192
197
170
197
198
179
218
171
184
199
190
171
216
179
188
189
184
216
160
176
180
203
181
199
199
209
214
193
175
204
206
179
184
185
194
206
197
209
197
182
179
195
179
206
192
197
177
190
169
156
178
202
184
160
189
175
174
169
189
197
164
167
186
166
189
181
181
166
186
194
196
171
168
209
191
181
150
197
177
199
200
158
181
168
191
158
164
182
203
191
201
198
156
189
201
202
208
181
145
170
193
193
176
193
169
166
158
175
205
190
182
165
200
173
169
182
165
174
177
183
182
175
167
172
180
182
170
172
181
153
160
175
183
186
164
175
179
168
166
166
155
180
182
167
162
150
153
192
194
188
170
182
163
187
145
170
149
179
154
182
176
169
161
176
183
164
197
189
159
171
163
153
176
168
156
190
145
182
158
159
164
168
140
171
150
176
167
151
163
138
168
160
148
157
155
147
180
169
171
178
167
153
146
144
171
149
159
171
152
161
159
174
151
160
156
161
156
151
146
124
154
159
159
149
151
163
169
150
176
164
161
163
144
140
153
152
149
140
134
183
144
133
158
174
160
134
151
144
150
150
142
167
171
135
133
169
147
149
158
153
152
139
143
146
144
134
127
147
136
147
143
153
146
136
139
137
144
145
142
143
157
127
168
132
161
136
164
130
142
150
163
155
164
143
145
129
152
137
148
132
139
146
156
151
138
136
136
130
134
145
137
138
145
123
117
135
140
131
160
138
118
139
141
133
130
140
122
146
141
150
138
144
119
128
148
139
132
128
138
136
133
123
129
135
120
151
121
145
143
131
128
136
117
139
121
139
157
133
129
142
142
148
140
128
135
157
138
147
115
135
114
150
128
124
127
124
136
134
112
121
133
124
156
143
129
126
131
134
128
119
122
131
129
133
119
109
120
148
134
141
127
135
124
134
118
108
136
122
115
134
121
118
120
117
117
128
138
121
135
130
127
106
136
141
132
114
128
112
120
138
140
154
136
134
129
114
118
123
130
122
129
124
155
126
136
133
135
118
105
114
123
126
112
127
129
124
146
110
120
116
124
120
128
149
98
137
129
122
122
132
132
132
128
124
109
124
133
114
118
126
134
133
138
122
137
112
115
145
145
112
111
142
124
117
133
115
129
131
119
124
117
119
125
130
115
143
107
96
121
125
106
120
99
132
126
125
119
120
118
112
107
144
111
116
135
103
142
135
136
113
129
139
124
126
114
120
125
106
120
127
116
133
109
104
117
128
111
130
121
135
110
114
131
120
111
117
119
109
111
118
115
104
114
96
123
102
106
108
121
142
103
121
114
101
113
122
106
119
124
121
136
133
126
110
106
121
114
156
127
127
118
127
120
124
121
119
127
109
122
111
118
108
101
119
121
128
115
147
118
127
108
104
123
111
109
114
138
112
116
100
114
114
119
99
110
124
118
108
108
103
130
121
126
102
123
131
127
108
116
120
121
124
117
100
127
103
115
120
119
100
116
129
116
142
127
102
89
109
111
127
102
118
113
128
117
121
120
108
110
107
108
100
117
117
106
112
115
112
109
122
132
111
107
130
128
110
115
116
101
106
118
95
106
109
108
110
115
125
114
115
114
121
117
108
98
112
112
119
110
128
116
101
116
116
114
108
117
106
103
110
122
131
110
116
108
123
109
108
113
110
101
115
123
109
106
120
114
106
121
129
103
125
95
119
117
109
115
122
99
117
104
116
124
115
101
105
110
116
102
105
105
116
84
125
110
98
101
101
107
111
98
109
117
101
119
110
125
124
107
102
92
107
114
98
111
106
121
114
99
125
101
85
111
114
107
118
106
86
121
111
111
117
94
117
95
98
106
106
123
97
104
99
116
90
81
109
109
95
119
109
121
132
124
88
110
122
106
112
94
111
121
93
96
111
118
100
111
106
106
123
90
110
107
117
109
111
90
120
107
133
93
85
81
97
112
86
94
115
103
116
90
97
109
103
105
115
115
109
108
113
99
96
102
112
92
115
87
115
117
104
121
105
81
131
102
105
108
133
97
132
126
118
116
134
118
116
98
118
108
125
121
114
100
132
111
105
141
112
126
120
123
115
118
100
131
115
119
115
123
129
112
133
115
118
117
114
118
118
121
129
110
143
143
115
126
121
127
143
133
131
124
104
133
159
115
134
116
112
121
119
111
125
143
148
123
123
137
141
138
133
159
142
153
148
149
148
124
136
126
140
162
135
151
134
151
158
155
164
147
172
140
140
148
157
155
146
177
178
143
160
166
161
143
169
160
175
148
152
172
152
184
166
167
178
173
168
149
180
165
172
150
176
193
184
182
177
181
191
173
194
161
182
201
195
193
190
209
194
198
190
196
199
180
184
189
182
216
205
191
182
200
220
191
192
192
201
202
220
208
212
208
240
199
219
200
199
221
227
214
224
208
218
234
227
215
217
231
189
222
248
258
226
240
237
231
228
234
212
251
261
253
235
237
233
249
247
267
226
227
254
231
235
275
247
275
249
258
268
253
266
278
249
249
280
278
242
270
279
279
254
293
270
301
291
300
282
280
264
303
283
261
260
294
265
279
283
297
300
312
304
309
311
296
305
313
283
318
314
319
306
313
299
298
303
307
316
350
310
326
324
324
348
322
332
339
337
321
356
295
351
300
342
322
355
345
349
327
320
351
321
345
335
366
344
363
334
365
352
308
360
336
360
339
342
365
351
361
367
334
327
319
387
344
357
359
360
402
357
357
344
335
386
378
369
354
340
379
371
401
373
344
353
360
393
389
379
344
365
358
353
387
357
386
388
382
383
367
350
387
377
418
376
397
391
390
386
359
410
368
341
376
370
358
385
386
376
380
362
402
379
414
383
423
384
410
344
401
401
410
385
390
379
374
391
355
427
384
387
386
383
372
412
371
378
351
394
400
414
392
387
391
398
394
383
426
418
387
396
400
424
370
387
395
365
359
423
375
407
408
406
392
380
386
390
377
381
398
386
398
369
382
399
357
367
345
424
362
379
365
370
362
373
395
397
387
390
365
375
380
342
321
367
359
381
392
367
390
359
371
384
371
374
376
356
412
345
355
424
346
350
324
361
357
390
342
372
370
395
369
388
346
368
357
346
315
363
343
346
318
350
308
324
347
332
335
321
359
303
355
356
326
339
330
320
334
316
318
338
305
316
367
365
292
311
350
330
304
303
289
260
301
320
299
307
304
311
308
306
325
324
298
285
305
293
295
271
277
286
355
257
303
283
290
299
283
278
297
271
243
284
253
297
267
273
280
262
303
251
261
279
287
240
268
232
231
267
245
228
249
251
239
263
255
252
230
206
238
257
264
246
251
232
224
208
235
237
241
220
209
219
246
233
221
206
226
189
202
194
196
243
227
222
204
208
207
187
198
199
178
210
199
187
190
192
178
203
188
186
200
189
180
177
190
162
186
195
194
199
171
176
150
175
163
158
167
167
150
150
175
187
175
152
153
143
167
167
145
161
148
153
169
164
150
153
161
132
141
142
110
123
152
158
147
114
144
120
132
155
137
111
130
131
119
119
125
120
136
131
109
113
92
134
115
111
110
110
131
106
117
118
115
113
95
115
106
109
91
122
113
105
120
81
116
85
108
95
81
95
108
92
93
107
110
87
89
98
97
90
92
86
96
95
86
81
87
102
88
82
83
84
76
93
76
95
72
74
62
59
83
77
68
71
71
88
67
67
76
75
66
69
76
73
73
82
68
80
73
72
78
77
99
62
95
78
83
66
58
78
78
79
65
73
85
69
62
73
72
74
59
54
89
59
69
68
82
72
85
83
78
62
81
75
78
70
60
75
75
76
86
77
84
79
72
67
68
68
69
70
80
80
56
77
57
70
82
86
75
88
78
91
92
83
83
97
87
98
86
85
73
72
78
84
76
90
81
90
96
78
89
92
81
87
82
82
86
101
84
89
75
81
87
91
75
100
80
98
104
97
96
88
87
94
92
87
102
102
102
94
109
107
103
96
101
108
92
102
87
100
120
96
100
107
107
91
124
125
126
117
114
123
130
117
114
118
128
105
108
123
119
118
135
119
119
113
146
127
124
123
119
123
133
125
148
126
127
166
137
125
139
151
152
131
151
150
131
156
147
159
153
152
141
135
124
150
133
156
153
158
156
159
160
141
156
175
144
155
168
149
177
157
155
188
170
170
147
178
134
160
162
171
161
172
185
171
185
200
134
190
182
180
195
178
188
190
186
200
178
200
170
203
175
181
195
187
212
212
205
175
204
212
182
232
200
177
208
198
213
207
215
194
206
186
221
226
207
213
241
197
200
228
235
209
216
214
207
220
227
215
233
235
228
206
216
259
257
205
223
209
261
208
213
245
218
239
276
227
223
214
251
218
233
221
231
214
232
198
222
235
259
223
301
251
230
258
235
277
268
251
264
237
254
252
294
225
275
257
284
247
259
272
259
232
249
252
275
256
278
280
251
261
269
300
277
271
272
276
261
280
249
266
280
273
280
289
275
285
269
266
284
270
280
247
269
276
289
281
298
256
251
310
291
257
306
306
265
257
267
295
260
304
306
316
253
276
331
290
299
292
279
286
274
280
292
266
301
310
300
310
278
295
279
303
322
291
301
314
303
271
281
312
265
276
262
308
289
315
296
263
307
318
282
285
310
294
290
291
302
290
291
287
295
300
319
286
296
294
288
289
300
282
301
264
287
302
285
290
280
292
280
326
283
275
291
288
249
305
288
307
289
301
277
295
272
278
267
249
269
292
281
303
278
270
301
304
298
283
299
297
285
286
313
275
273
299
309
286
320
282
270
277
282
278
282
294
291
255
280
282
253
284
288
277
301
302
279
286
304
263
272
266
269
293
282
253
240
285
235
288
296
273
270
274
256
284
251
278
255
262
222
264
303
263
246
267
272
264
258
258
267
260
262
235
264
236
255
242
259
255
239
258
248
238
248
251
261
248
260
212
253
235
245
221
225
218
227
231
197
232
228
247
192
239
220
218
248
224
230
218
200
223
232
212
195
212
201
210
201
196
210
225
219
214
186
240
232
219
212
219
198
181
206
198
210
231
206
193
198
190
200
206
209
192
202
191
186
209
186
223
182
191
214
201
182
189
186
179
164
180
170
186
169
183
176
177
167
187
166
182
153
160
161
166
160
137
172
141
174
159
167
151
149
171
165
143
161
144
147
146
123
148
153
150
144
130
132
149
161
163
136
147
163
140
135
135
147
120
143
133
158
126
132
131
128
124
122
112
124
95
121
100
137
113
112
134
131
112
132
136
111
126
123
123
112
108
124
104
101
121
105
94
92
99
113
110
84
99
99
99
103
98
89
84
99
113
100
90
85
94
71
76
94
87
89
75
83
95
90
79
72
76
87
87
74
85
99
79
84
69
75
62
67
68
71
79
77
63
82
82
68
66
60
76
59
69
53
75
72
56
47
68
66
74
69
52
49
62
60
60
56
59
44
79
46
54
47
45
55
53
55
51
52
55
36
45
52
44
50
48
47
42
44
47
46
39
42
34
33
38
48
39
35
26
51
54
41
47
33
34
31
36
27
36
51
42
42
49
42
40
36
38
35
26
29
39
30
34
36
34
29
26
27
33
37
35
37
30
28
32
32
30
29
23
28
37
31
22
32
17
34
29
25
23
31
24
28
23
26
30
35
22
21
24
20
27
31
26
25
36
16
29
33
22
22
24
17
22
28
19
22
15
21
33
11
16
23
16
35
26
26
16
14
19
17
16
17
17
16
17
21
12
9
18
16
18
25
12
17
13
16
13
17
18
16
16
17
18
20
25
10
16
19
12
12
19
20
6
16
18
14
19
16
14
9
10
18
21
22
15
12
12
12
19
14
15
20
13
10
19
13
13
16
15
17
12
10
12
13
13
10
9
17
13
16
15
18
12
8
13
14
7
9
8
7
14
11
10
8
21
16
9
17
17
13
5
12
19
11
12
10
14
14
17
17
24
14
12
10
12
9
14
8
10
9
13
10
15
14
14
14
10
12
10
12
12
15
6
10
14
12
7
10
17
7
8
9
18
13
9
15
15
10
13
5
14
14
12
15
13
7
17
12
21
6
12
13
14
9
12
14
7
17
9
10
8
11
14
20
9
10
8
12
9
10
8
7
9
14
12
12
11
13
14
13
15
13
20
12
13
8
13
8
11
11
16
17
12
11
16
18
6
12
10
12
12
15
7
15
16
15
13
11
12
13
13
12
8
13
16
14
12
11
11
12
14
11
6
14
7
9
7
10
11
13
9
11
12
5
19
16
10
10
10
5
11
9
7
10
10
11
10
11
11
5
9
7
10
12
13
18
8
16
14
13
12
15
14
9
11
9
8
10
9
6
14
11
10
12
14
13
10
9
9
7
11
15
11
8
10
6
12
13
12
13
13
10
9
10
10
14
13
16
10
14
14
1
11
9
9
10
5
7
15
12
10
6
9
10
13
12
17
6
10
5
10
14
13
13
7
9
13
8
10
7
18
11
12
12
8
14
10
10
16
4
11
4
11
14
19
13
9
10
9
12
7
6
10
11
14
14
11
8
16
7
7
12
3
11
6
11
10
5
8
6
12
9
9
13
6
9
11
11
8
13
7
6
15
11
13
10
14
4
10
7
9
7
12
9
5
8
12
13
6
18
11
11
14
13
6
11
16
9
13
10
18
11
15
11
8
8
7
6
12
12
10
9
12
14
9
13
14
12
9
5
6
7
8
11
7
5
13
13
10
4
8
12
10
13
18
15
12
7
14
6
10
9
10
9
13
10
7
5
12
9
6
8
4
8
9
8
9
12
6
10
11
14
14
10
11
7
12
4
13
8
9
12
9
8
9
11
13
5
11
6
10
9
12
13
10
8
9
8
21
11
8
7
9
8
14
16
9
10
11
16
12
6
13
14
12
9
5
5
7
12
6
9
11
7
10
10
9
5
18
8
5
12
12
8
11
14
15
8
7
9
17
5
14
6
13
8
2
14
19
9
9
12
11
5
5
10
8
15
4
11
3
11
7
3
11
7
11
11
8
8
12
11
7
7
16
7
5
15
12
15
8
7
8
7
3
11
8
6
14
13
7
7
12
8
7
13
11
5
10
10
9
7
12
8
3
10
11
5
10
8
4
7
15
10
15
8
7
6
8
5
6
7
13
7
7
4
9
10
11
18
7
9
8
9
8
8
4
11
1
13
8
11
11
9
5
5
9
12
9
10
10
12
16
6
5
6
11
11
6
7
5
3
8
13
11
3
14
15
6
10
8
9
8
9
10
8
9
8
8
11
14
8
9
5
11
7
10
8
9
10
12
6
4
11
13
7
8
12
12
11
9
9
9
18
6
11
8
13
5
8
10
6
13
9
6
8
5
10
10
13
13
5
10
9
9
6
13
5
10
6
9
10
9
12
11
5
6
9
9
5
7
6
9
6
5
9
9
12
8
4
6
9
8
11
17
5
13
13
8
10
9
6
9
8
8
9
7
9
7
5
9
10
12
10
5
5
5
9
12
6
6
7
13
9
11
15
18
5
11
10
4
3
17
8
14
12
10
10
10
11
15
14
11
7
10
5
5
15
12
8
7
9
4
4
10
5
14
11
10
13
10
12
7
11
7
10
6
13
9
6
10
12
7
8
14
4
5
6
10
3
9
12
2
6
7
8
14
8
3
4
6
10
5
8
4
8
11
10
11
11
9
12
7
14
10
9
10
11
7
4
9
8
10
9
7
9
15
8
14
5
13
6
6
6
11
1
11
13
9
19
13
6
6
6
8
9
7
14
8
4
11
8
9
2
10
7
6
11
7
4
8
6
9
4
16
12
11
12
12
7
9
5
13
2
11
15
9
11
8
15
5
3
10
6
4
6
9
8
10
11
6
9
13
7
11
4
5
7
11
8
12
12
11
6
13
6
6
6
11
4
7
16
6
5
8
13
9
10
9
7
6
9
6
6
13
13
16
8
14
12
7
9
9
6
12
5
8
6
5
11
7
11
7
5
10
5
7
11
10
7
7
6
9
4
9
9
8
9
8
9
16
9
8
4
8
5
8
9
9
6
7
8
6
10
6
4
10
5
9
8
8
6
14
8
7
4
8
8
5
8
6
4
12
6
7
9
11
9
10
6
7
5
8
7
10
6
4
4
5
7
11
7
3
3
8
8
9
6
13
7
5
13
11
12
5
8
5
11
10
7
10
14
5
6
10
8
10
7
6
10
7
9
13
10
8
6
5
7
13
5
8
11
10
8
6
12
8
11
7
6
8
7
6
6
8
5
7
8
9
7
8
10
7
8
6
4
9
5
7
6
8
8
3
8
10
7
9
8
10
11
10
10
2
6
6
9
5
9
8
10
3
10
7
8
6
6
7
12
7
12
4
10
8
9
9
4
5
6
8
11
12
8
10
5
9
3
9
6
5
5
4
4
7
9
11
9
9
9
14
8
8
6
12
10
10
11
8
10
12
8
9
6
8
8
8
10
7
5
10
7
15
3
6
6
11
10
4
8
12
14
9
7
8
5
15
8
10
8
13
7
9
10
11
10
14
10
5
5
8
8
9
8
8
5
2
5
8
12
4
14
9
5
7
6
4
8
6
8
5
7
5
5
8
10
8
4
8
7
13
4
5
8
6
7
4
8
7
7
3
6
5
6
7
6
4
10
7
6
6
4
8
5
11
3
11
3
6
4
11
8
9
13
9
11
6
7
9
10
6
6
5
10
13
8
9
2
8
10
4
7
10
12
6
8
10
7
7
1
9
13
9
11
10
7
4
10
3
4
6
5
6
6
5
5
7
4
8
9
11
6
8
9
7
12
10
14
9
10
10
7
8
11
7
8
7
7
6
8
8
3
8
8
10
2
3
4
5
10
10
8
10
6
6
8
5
7
4
9
7
10
6
7
7
9
6
6
9
7
9
6
4
6
10
5
7
1
6
8
6
8
5
8
2
6
5
4
6
9
5
4
9
7
8
14
7
5
6
6
6
6
5
11
8
6
11
9
12
9
6
10
8
6
7
7
11
5
8
7
8
9
11
10
8
3
4
11
7
8
8
10
9
10
8
6
9
5
7
11
7
7
7
12
8
9
5
5
7
8
7
5
12
4
7
9
8
5
5
7
7
6
7
6
8
6
4
5
5
9
6
4
12
12
7
11
7
4
2
3
6
2
7
5
11
2
10
4
9
11
9
10
6
5
3
4
5
6
10
7
8
4
12
11
5
7
7
2
7
4
6
3
7
5
11
10
7
4
7
9
7
5
5
6
8
10
8
8
5
10
5
6
4
6
10
10
8
8
7
8
3
12
7
5
9
7
4
6
12
7
11
10
7
4
9
9
6
8
4
9
8
9
10
11
8
7
4
8
9
8
11
8
9
5
6
7
7
5
9
4
8
4
10
3
3
10
11
8
9
6
7
6
7
5
9
11
10
4
7
11
8
9
7
5
8
8
7
6
6
6
5
10
7
7
6
6
10
5
5
6
2
11
6
9
8
7
8
4
6
6
6
6
4
8
7
6
10
6
9
4
5
7
2
9
5
10
8
4
2
4
10
7
4
8
8
5
4
7
5
4
5
14
9
5
5
8
6
5
12
7
9
7
7
4
8
8
4
10
10
12
8
7
4
6
7
9
12
12
5
6
12
7
9
7
6
11
8
6
4
8
4
7
5
6
6
8
11
3
8
5
5
9
13
7
7
3
13
4
7
6
4
9
10
5
6
10
7
7
7
12
8
10
10
12
7
5
14
7
6
3
7
12
4
3
4
6
9
8
4
5
9
4
8
6
6
6
10
7
6
12
3
1
7
8
6
6
11
11
7
8
5
4
5
4
8
9
2
5
3
8
4
3
8
5
6
6
2
6
5
6
10
6
5
6
6
6
5
4
8
8
10
8
3
6
3
5
6
7
4
5
3
10
6
5
2
7
9
6
8
4
8
6
2
9
4
6
7
8
4
4
3
8
7
11
10
10
13
10
4
6
10
6
1
9
8
3
8
4
7
6
9
9
12
11
14
2
6
6
8
7
6
8
8
7
8
10
5
6
5
12
11
4
2
12
3
5
12
4
4
7
8
2
11
5
10
10
6
5
8
8
4
5
5
7
8
5
7
8
5
8
6
1
4
5
7
8
5
3
4
8
4
2
8
8
6
7
3
2
7
3
3
8
4
2
4
5
6
7
7
7
5
9
5
8
6
7
6
6
5
5
7
12
9
7
8
5
8
5
10
9
2
7
6
8
4
6
4
5
7
8
5
7
12
10
3
5
7
11
6
4
3
2
5
13
12
6
8
8
5
10
0
3
6
3
7
7
5
10
9
6
6
7
11
5
8
8
4
6
6
7
8
8
4
6
5
9
8
6
5
9
7
4
7
7
7
7
5
11
7
1
6
4
13
9
4
7
2
11
2
7
4
4
4
3
11
3
1
9
8
11
8
9
4
8
5
6
6
7
6
7
5
7
4
7
5
12
8
5
5
4
12
6
8
4
6
5
7
5
4
5
7
8
6
8
5
6
6
5
7
4
3
11
7
9
4
13
7
9
4
7
5
6
4
7
5
6
10
8
5
6
9
4
5
5
7
6
4
2
8
5
9
5
4
4
5
7
5
6
4
8
7
9
13
3
7
6
10
11
7
5
8
7
10
5
10
4
4
11
11
4
7
6
8
5
7
4
4
7
4
8
5
11
2
8
5
7
8
3
7
6
9
8
9
3
6
2
4
10
10
2
1
5
7
4
8
7
6
9
9
6
6
5
6
7
5
6
5
6
7
7
5
5
5
9
10
4
5
4
6
6
3
6
8
5
5
6
5
7
3
4
3
8
8
1
11
4
5
2
5
5
10
8
9
6
5
7
4
5
6
8
8
3
8
8
9
7
2
8
4
7
10
6
10
10
7
10
10
3
5
5
11
6
8
9
11
7
5
6
7
6
9
9
10
9
5
7
11
2
8
13
8
2
6
6
10
8
12
7
4
6
4
2
5
6
7
10
9
10
4
11
5
9
7
4
7
6
7
6
7
5
4
5
5
12
6
3
5
10
9
3
8
7
3
4
7
6
6
7
5
5
4
6
3
3
7
6
7
8
6
5
4
6
4
3
8
10
13
6
8
7
8
10
2
8
10
3
7
13
3
9
5
5
4
7
6
3
10
5
7
7
2
11
1
3
6
1
7
11
6
6
7
11
10
9
2
8
6
6
6
9
1
14
4
10
2
2
4
5
4
8
10
7
3
7
3
9
10
7
5
8
10
7
5
7
7
3
7
3
2
14
3
6
8
5
7
12
6
4
6
4
5
6
5
6
4
13
8
12
2
9
5
8
6
5
5
4
8
8
5
4
9
7
7
3
7
6
4
4
9
8
6
5
3
6
4
5
4
6
5
4
10
6
7
10
5
2
4
7
8
5
4
9
10
3
5
8
3
6
2
4
6
10
4
9
8
4
3
8
5
11
9
8
1
8
7
1
6
5
9
8
6
4
7
8
4
7
4
5
3
9
7
2
7
6
7
3
4
11
11
8
9
7
6
6
7
2
5
9
5
7
8
7
5
3
6
9
7
9
7
8
6
4
11
9
5
4
6
6
12
6
4
4
12
3
11
2
7
9
16
7
6
8
7
9
2
6
5
4
9
6
7
5
6
9
7
3
3
3
3
4
5
5
9
5
6
8
4
7
8
5
7
6
13
1
5
8
5
3
5
5
11
3
5
7
6
7
7
3
7
6
5
4
6
4
5
6
6
4
10
7
5
4
7
2
8
9
2
8
3
10
6
5
4
6
9
4
8
1
8
11
10
2
4
6
12
2
4
5
2
4
4
5
8
5
6
6
12
6
7
3
6
10
7
6
4
4
6
5
10
4
5
5
9
4
7
10
8
6
5
1
5
4
6
3
11
7
6
9
11
7
9
6
7
11
4
10
3
3
7
6
5
8
9
6
6
6
9
7
3
4
8
4
5
7
4
9
8
7
3
4
2
7
3
4
5
11
8
4
9
1
6
8
6
9
13
3
6
5
5
6
9
3
4
2
5
6
8
14
6
11
6
6
2
6
3
7
5
7
7
4
7
4
2
7
6
11
2
7
7
8
3
3
8
8
3
3
7
7
5
7
9
3
5
6
3
5
6
6
9
8
5
9
7
8
2
8
4
9
4
8
6
7
9
7
6
4
5
6
6
2
9
8
4
6
6
3
5
3
7
5
7
8
4
3
6
7
5
5
2
4
2
9
5
5
6
4
7
12
4
4
6
4
9
7
4
5
5
8
4
8
5
6
7
3
8
4
4
2
4
3
3
5
1
8
7
6
5
7
6
6
2
3
4
1
4
6
4
7
4
3
4
6
7
4
8
3
8
6
9
3
4
5
4
4
8
7
4
6
7
4
4
8
3
4
0
9
5
5
5
3
5
7
6
3
8
6
5
2
6
12
8
5
7
8
5
5
4
4
8
5
6
11
8
5
9
6
4
6
6
8
3
5
2
7
7
8
8
4
3
5
6
7
2
4
4
9
8
4
4
3
2
9
4
7
1
5
8
8
3
8
1
8
5
7
4
6
8
6
6
4
7
2
3
3
8
4
7
7
4
4
2
4
4
6
5
6
8
9
6
3
6
4
11
5
5
7
3
7
4
3
6
2
12
4
7
6
7
8
4
7
3
4
1
2
8
3
5
7
4
8
10
6
5
7
4
4
8
3
3
4
3
5
7
6
6
8
4
6
5
4
6
5
3
8
6
3
6
5
6
3
6
11
6
5
3
5
7
13
4
4
3
9
5
5
6
4
9
4
4
5
2
5
6
8
5
10
9
5
6
4
4
3
7
6
3
3
3
1
5
6
5
8
3
7
3
5
4
6
5
8
6
5
6
3
6
2
4
3
7
7
8
3
8
6
3
2
2
7
10
5
4
11
5
8
6
3
4
4
6
9
5
4
4
8
12
4
5
9
6
7
3
4
8
1
6
3
4
4
7
11
4
4
5
6
6
5
5
6
1
7
8
8
4
8
5
11
5
2
9
1
4
5
8
8
4
6
3
5
3
6
9
6
8
4
5
6
5
7
5
5
8
7
7
5
6
3
9
8
5
3
8
8
6
3
7
4
7
4
1
5
6
4
7
3
10
11
4
4
6
10
4
5
7
7
9
6
11
7
2
6
5
8
4
5
8
3
5
1
8
10
7
4
6
3
8
8
4
3
4
3
9
5
3
8
6
8
4
5
2
6
6
6
7
4
8
5
2
4
5
5
4
4
6
7
6
5
4
3
6
5
3
3
1
4
6
3
7
3
4
7
7
8
7
9
4
2
6
5
6
6
3
10
0
7
7
8
2
8
2
5
7
9
8
2
1
5
3
4
4
6
6
8
3
6
7
7
7
6
7
8
8
8
3
7
4
3
6
4
4
6
5
2
2
6
4
4
5
7
6
5
3
7
5
4
6
6
8
9
1
7
3
4
5
9
8
8
4
6
2
2
1
4
3
7
2
6
6
5
9
4
7
10
4
4
6
1
7
4
4
4
5
6
4
10
7
6
5
4
9
8
7
5
5
3
5
4
7
5
5
6
6
10
3
8
7
5
6
10
4
6
6
5
3
2
2
5
4
6
9
8
4
11
10
3
4
3
6
4
6
2
4
3
7
3
6
3
5
4
4
2
3
5
5
10
7
2
4
8
5
7
9
6
3
5
3
6
8
6
12
6
5
2
1
7
4
5
6
4
9
8
6
10
5
4
2
2
5
8
8
2
3
4
5
10
6
3
9
6
4
6
5
8
9
7
7
7
1
9
7
1
6
7
4
8
7
6
1
2
7
4
3
2
6
4
3
6
2
9
4
4
4
7
4
2
9
6
6
1
7
3
4
6
7
2
5
11
5
6
4
4
5
5
4
5
2
6
1
2
5
5
9
6
5
9
4
3
3
2
4
4
4
5
2
6
5
10
4
4
5
4
8
2
9
6
6
6
3
3
1
8
8
3
4
4
9
5
7
5
2
4
7
3
5
4
2
6
7
4
6
6
2
4
5
8
3
6
9
6
5
3
5
4
5
2
7
8
5
4
2
8
2
2
8
8
6
5
15
7
5
6
5
6
5
6
6
6
7
6
7
4
4
3
3
5
6
7
7
10
4
4
9
4
6
7
3
5
9
7
9
2
8
11
4
7
6
7
5
5
9
7
8
6
5
13
5
8
1
5
7
5
8
7
4
3
7
3
10
7
9
7
6
4
6
5
5
7
7
7
7
2
7
7
10
5
7
8
4
8
7
6
6
7
7
6
3
5
3
6
8
4
7
5
8
7
3
6
3
9
1
9
8
8
9
9
5
6
3
4
8
1
6
3
6
10
12
7
3
2
6
7
3
6
3
6
7
2
7
5
4
6
5
11
6
4
9
6
6
5
5
5
4
2
3
9
6
4
7
5
7
6
3
5
2
8
8
3
9
4
4
6
4
11
5
8
4
6
7
7
8
7
2
6
5
5
3
6
7
7
5
5
5
7
6
5
5
9
4
5
5
7
7
4
3
4
7
4
5
5
5
2
7
6
7
6
5
6
4
6
6
3
4
4
7
4
4
8
5
3
6
8
7
6
3
9
5
4
10
2
9
4
4
7
5
8
5
5
9
6
8
4
5
7
9
8
1
12
3
7
4
2
0
3
6
5
2
3
5
8
5
6
5
7
8
5
7
7
4
9
6
5
6
2
4
6
3
11
4
15
5
7
9
7
7
1
2
7
3
3
6
5
6
3
5
5
3
6
6
2
10
4
2
7
3
3
6
7
3
6
3
2
6
2
5
3
11
4
5
3
2
10
2
6
3
5
11
3
6
6
4
2
7
6
2
3
2
9
3
2
7
4
4
8
5
7
6
5
11
11
11
4
6
7
2
2
2
4
3
7
3
2
6
10
6
3
5
9
7
6
2
4
5
6
6
7
6
4
3
7
4
8
1
9
1
4
7
1
3
8
6
4
5
10
5
1
4
8
3
3
7
1
3
5
6
3
9
4
4
5
6
2
3
4
4
9
7
4
5
2
6
5
4
5
4
5
3
4
5
1
6
2
6
4
1
5
2
5
7
5
2
5
5
3
3
7
5
4
4
2
5
0
7
5
5
10
5
6
6
11
3
1
5
6
8
5
5
4
4
3
6
9
7
9
1
3
4
5
3
2
6
3
1
3
9
9
8
7
6
4
6
4
4
7
2
3
9
6
8
5
3
6
6
3
6
4
3
5
3
3
5
4
6
3
5
2
2
7
5
5
4
7
6
3
4
4
5
5
5
4
3
4
7
6
6
4
5
2
3
2
4
5
4
4
3
2
5
5
6
3
5
6
2
5
1
5
4
5
5
3
3
1
2
7
2
8
5
4
5
4
4
4
4
4
9
3
7
4
2
4
4
4
5
5
3
2
2
3
5
8
4
0
2
3
3
6
3
3
1
3
3
3
7
4
2
7
2
4
3
6
3
1
5
3
6
6
2
3
1
1
7
1
3
6
4
5
6
6
7
3
2
6
2
4
1
4
3
6
2
3
2
4
1
1
4
8
6
4
4
4
4
4
3
2
3
2
2
1
4
1
1
3
2
6
6
4
4
1
5
3
4
2
8
5
4
0
2
4
4
1
2
5
6
3
4
4
1
6
3
1
6
5
4
0
5
6
2
5
2
5
2
3
3
1
0
3
3
4
3
3
9
1
1
7
3
2
0
3
2
4
4
3
3
3
4
3
5
2
3
3
5
2
0
6
1
3
1
3
4
3
3
4
2
2
3
3
3
4
4
2
2
3
6
2
2
3
1
7
5
2
1
2
3
2
3
2
1
2
3
3
5
7
2
0
4
3
1
2
0
2
2
2
1
1
2
1
6
3
3
3
5
3
5
0
5
4
3
0
4
1
3
0
5
0
4
0
2
3
1
5
2
3
1
0
1
1
0
3
0
0
2
1
6
3
3
4
3
1
2
0
4
4
2
3
1
2
1
2
3
1
2
1
2
1
2
4
0
1
2
1
2
1
1
2
0
5
1
1
6
2
1
2
2
1
2
0
3
3
4
4
3
1
0
2
3
6
0
0
1
1
0
3
2
1
2
2
3
1
1
0
0
1
4
2
4
1
1
2
1
4
3
0
2
1
0
6
5
2
1
0
3
0
1
1
2
1
1
1
2
4
0
2
1
0
1
2
3
1
0
0
3
1
1
2
2
1
1
2
2
1
2
1
4
0
2
2
3
5
0
3
1
1
3
0
0
6
4
0
1
1
4
1
0
2
2
1
1
1
0
1
0
2
1
1
3
2
2
0
1
0
2
1
1
1
3
1
2
3
0
1
1
3
2
1
1
3
1
1
0
2
0
1
0
1
2
2
0
0
3
1
2
1
2
1
1
2
1
2
2
0
2
0
3
1
2
0
0
0
2
2
0
1
2
2
2
2
3
2
4
1
1
1
2
1
0
3
1
3
1
1
0
0
5
1
1
0
1
5
1
0
1
0
1
2
2
1
3
1
0
2
2
1
1
1
0
2
0
3
1
2
0
2
0
3
3
1
0
3
2
1
2
2
1
3
1
1
1
0
2
5
0
1
3
1
1
1
1
0
2
1
1
2
0
2
1
2
2
1
1
2
2
1
3
1
2
3
0
1
1
0
3
0
1
1
2
1
2
3
0
1
3
0
2
2
0
1
1
0
1
1
1
0
1
3
1
2
1
0
2
2
2
1
0
1
0
2
2
1
2
1
1
3
0
3
4
1
0
3
1
2
0
0
2
2
1
3
1
1
2
1
1
2
1
2
3
3
0
1
2
2
1
3
3
2
0
1
2
3
1
2
2
0
0
3
0
3
1
2
2
2
0
0
5
3
1
2
1
3
1
1
2
2
2
2
2
2
3
3
2
3
2
4
3
0
2
1
3
5
4
2
3
2
2
1
3
1
1
0
2
4
1
2
1
2
5
0
2
4
1
3
2
4
2
1
1
1
5
1
3
2
1
1
6
2
2
1
1
2
2
4
2
1
5
4
1
1
0
3
0
2
2
2
1
4
1
1
3
1
2
3
2
3
2
3
2
2
2
1
5
2
3
2
5
3
3
5
6
1
0
3
5
3
5
5
6
2
3
4
4
2
6
1
4
5
5
3
2
4
1
2
5
1
2
4
5
2
4
1
3
2
4
5
4
3
1
6
2
4
2
3
1
6
2
3
4
7
5
2
6
3
3
5
4
3
4
6
2
5
0
3
7
4
1
4
3
3
2
1
1
5
6
6
4
4
7
4
2
2
6
3
3
5
6
0
2
3
3
4
4
6
7
6
3
2
3
2
6
3
3
4
6
3
6
4
2
2
3
8
4
4
1
3
6
1
10
6
2
0
3
3
3
4
4
6
7
5
8
7
5
8
5
3
4
5
5
6
6
2
7
5
5
6
3
5
3
1
7
2
5
5
3
6
8
6
2
4
5
6
4
5
3
2
4
5
4
8
3
5
5
5
8
5
7
8
2
5
8
5
6
5
4
6
4
4
8
2
3
2
5
5
10
4
5
4
2
5
1
4
3
5
2
5
6
8
4
5
4
5
5
3
0
8
1
4
3
8
7
4
2
5
9
6
6
11
8
2
6
10
11
8
4
5
10
3
5
9
7
6
6
6
6
4
11
5
5
8
3
9
4
4
6
4
4
6
6
6
9
6
4
5
4
4
6
8
8
2
8
12
4
9
3
4
7
7
2
4
6
3
5
8
7
5
9
7
8
10
10
7
8
5
5
9
8
6
4
6
7
3
10
7
5
7
8
7
4
7
9
5
8
4
4
11
3
4
4
5
4
4
8
4
6
13
10
4
7
10
6
6
9
3
11
7
5
9
5
9
11
7
7
8
4
4
5
6
5
6
5
6
7
9
11
11
3
2
7
8
6
6
5
14
6
2
9
4
6
7
4
8
5
7
6
8
5
9
7
6
8
5
6
5
4
11
9
7
5
6
10
12
11
6
4
7
4
6
8
4
2
4
4
6
7
10
8
6
6
7
6
6
1
7
5
10
3
7
5
5
8
8
8
7
3
7
8
4
4
4
4
4
4
4
8
5
10
4
8
4
6
4
8
7
4
11
7
3
11
7
6
6
12
13
10
6
6
11
6
8
5
7
8
9
10
10
4
9
12
10
8
0
7
3
4
6
6
8
6
10
6
3
2
7
6
13
5
4
3
3
6
9
6
9
5
6
4
6
7
7
3
6
5
11
8
12
6
2
7
4
6
4
4
10
2
3
6
8
7
2
5
8
6
7
3
4
5
2
11
5
3
5
9
6
9
2
2
5
3
4
4
1
2
3
6
4
3
4
7
1
6
3
2
4
5
8
2
5
11
3
6
2
12
6
6
7
3
2
6
3
6
5
4
5
4
3
5
1
1
2
6
7
4
8
6
5
7
2
2
4
5
3
5
8
4
6
4
6
4
4
4
2
1
3
1
2
5
7
5
4
4
5
5
4
6
5
4
4
5
3
6
4
2
2
5
6
6
3
5
2
4
3
1
3
5
4
3
0
5
5
5
6
8
5
6
5
7
2
6
3
7
6
1
5
2
5
2
4
5
5
2
3
1
5
3
2
3
3
2
1
1
6
3
5
3
1
2
5
3
2
6
5
5
3
5
4
2
4
3
3
6
6
5
5
3
2
1
0
3
3
1
0
4
3
1
2
6
0
0
3
2
3
0
3
2
2
1
3
5
4
3
4
1
3
6
2
2
0
1
3
2
1
2
4
3
2
3
2
0
4
1
3
4
2
3
4
3
2
2
1
0
0
1
2
3
4
2
4
2
4
1
4
3
2
4
1
1
2
0
4
2
2
1
3
1
1
1
0
1
2
3
3
3
5
2
1
3
2
2
0
2
4
0
3
1
3
1
1
1
3
1
1
3
1
1
0
0
1
0
0
4
0
3
3
0
0
3
4
2
0
2
1
1
1
8
5
3
1
1
1
1
1
0
0
0
0
2
3
2
0
2
3
0
0
0
1
2
0
2
0
1
0
0
0
0
3
0
1
2
0
1
2
1
1
1
1
3
0
2
2
2
1
0
1
0
0
2
1
1
2
3
2
3
0
2
0
1
0
1
0
0
3
0
1
1
0
1
1
0
0
2
0
1
2
0
1
0
0
0
0
1
0
1
1
2
1
1
2
1
2
0
1
1
0
0
2
0
1
1
2
0
3
1
1
0
1
2
2
2
2
1
0
1
0
0
0
0
1
1
0
1
0
1
1
1
1
0
3
1
1
0
0
2
0
1
0
1
0
1
0
0
2
0
1
0
0
0
1
1
0
1
1
0
1
0
1
2
0
0
0
0
1
0
0
1
1
0
1
1
0
1
2
0
0
0
0
0
1
1
0
0
0
0
0
1
0
1
0
2
0
0
0
1
0
1
0
0
0
0
0
0
0
0
0
0
0
0
0
0
0
0
0
1
0
0
0
1
0
0
1
0
1
0
2
0
0
0
0
1
1
0
0
0
0
1
0
0
0
0
1
0
1
1
1
0
0
0
0
0
0
0
0
0
0
0
0
0
0
0
0
0
2
0
0
1
0
1
1
0
0
0
0
0
0
0
0
1
0
0
0
0
0
0
0
1
1
0
0
0
0
0
1
0
0
0
0
0
1
0
1
1
1
0
0
0
0
1
0
0
0
0
0
1
0
0
0
0
0
0
0
0
0
0
0
1
0
1
0
0
0
0
0
1
0
1
0
0
0
1
0
0
0
0
0
1
0
0
0
1
0
0
0
2
0
0
0
0
2
0
0
0
0
0
0
1
0
0
0
0
0
0
0
0
0
0
0
0
0
0
0
0
0
0
0
0
0
0
0
0
1
1
0
0
1
0
0
0
0
0
0
1
0
0
0
0
0
1
0
0
0
0
0
0
0
0
0
0
0
0
1
0
0
0
0
0
0
0
0
0
0
0
1
0
0
0
0
1
0
0
0
0
0
0
1
0
0
0
0
0
0
0
0
0
0
0
0
0
0
0
0
1
0
0
0
0
0
0
0
0
0
1
0
1
0
1
0
0
0
0
0
0
0
1
0
0
0
0
0
0
0
0
0
0
0
0
0
0
0
0
0
0
1
0
0
0
0
0
0
0
0
0
0
0
0
0
0
0
1
1
0
0
0
0
0
0
0
0
0
0
0
0
0
0
0
0
0
0
0
0
0
0
0
0
0
0
0
0
0
0
0
0
0
0
1
0
0
0
0
0
0
0
0
0
0
0
0
0
0
0
0
0
0
0
1
0
0
0
1
0
0
0
0
0
0
0
0
0
2
0
1
0
0
0
0
0
0
0
0
0
2
0
0
0
0
0
0
0
0
0
0
0
0
0
0
0
0
0
0
0
0
0
0
0
0
0
1
0
0
0
0
0
0
0
0
0
0
0
0
0
0
0
0
0
0
1
0
1
0
0
1
0
0
0
0
0
0
0
0
0
0
0
0
0
0
0
0
0
0
0
0
0
0
0
0
0
0
0
0
0
0
1
0
0
0
0
0
0
0
0
0
0
0
0
0
0
0
0
0
0
0
0
0
0
1
0
0
0
0
0
0
0
0
0
0
1
0
0
0
0
0
0
0
0
0
0
0
0
0
0
0
0
0
0
0
0
0
0
0
0
0
0
0
0
0
0
1
0
0
0
0
0
0
0
0
0
0
0
0
0
0
0
0
0
0
0
0
0
0
0
0
0
0
0
0
0
0
0
0
0
0
0
0
0
0
0
0
0
0
0
0
0
0
0
0
0
0
0
0
0
0
0
0
0
0
0
0
0
0
0
0
0
0
0
0
0
0
0
0
0
0
0
0
0
1
0
0
0
0
0
0
0
0
0
0
0
1
0
0
0
0
0
0
0
0
0
0
0
0
0
0
0
0
0
0
0
0
0
0
0
0
0
0
0
0
0
0
0
0
0
0
0
0
0
0
0
0
0
0
0
0
0
0
0
0
0
0
0
0
0
0
0
0
0
0
0
0
1
0
0
0
0
0
0
0
0
0
0
0
0
1
0
0
0
0
0
0
0
0
0
0
0
0
0
0
1
0
0
0
0
0
0
0
0
0
0
1
0
0
0
0
0
0
0
0
0
0
0
0
0
0
0
0
0
0
0
0
1
0
0
0
0
0
0
0
0
0
0
0
0
0
0
0
0
0
0
0
0
0
0
0
0
0
0
0
0
0
0
0
0
0
0
0
0
0
0
0
0
0
0
0
0
0
0
0
0
0
0
0
0
0
0
0
0
0
0
0
0
0
0
0
0
0
0
0
0
0
0
0
0
0
0
0
0
0
0
0
0
0
0
1
1
0
0
0
0
0
0
0
0
0
1
0
0
0
0
0
0
1
1
0
0
0
0
0
0
0
0
0
0
0
0
0
0
0
0
0
0
0
0
0
0
0
0
0
0
0
0
0
0
0
0
0
0
0
0
0
1
0
0
0
1
0
0
0
0
0
0
0
0
0
0
0
0
0
0
0
0
0
0
0
0
0
0
0
0
0
0
0
0
0
0
0
0
0
0
0
0
0
0
0
0
0
0
0
0
0
0
0
0
0
0
0
0
0
0
0
0
0
0
0
0
0
0
0
0
0
0
0
0
0
0
0
0
1
0
0
0
0
0
0
0
0
0
0
0
0
0
0
0
0
0
0
0
0
0
0
0
0
0
0
0
0
0
0
0
0
0
0
0
0
0
0
0
0
0
0
0
0
0
0
0
0
0
0
1
0
0
0
0
0
0
0
0
0
0
0
0
0
0
0
0
0
0
0
0
0
0
0
0
0
0
0
0
0
0
0
0
0
0
0
0
0
0
0
0
0
0
1
1
0
0
0
0
0
0
0
0
0
0
0
0
0
0
0
0
0
0
0
0
0
0
0
0
0
0
0
0
0
0
0
0
0
1
0
0
0
0
0
0
0
0
0
0
0
0
0
0
0
0
0
0
0
0
0
0
0
1
0
0
0
0
0
0
0
0
0
0
0
0
0
0
0
0
0
0
0
0
0
0
0
0
0
0
0
0
0
0
0
0
0
0
0
0
0
0
0
0
0
1
0
0
0
0
0
0
0
0
0
0
0
0
0
0
0
0
0
0
0
0
0
0
0
0
0
0
0
0
0
0
0
0
0
0
0
0
0
0
0
0
0
0
0
0
0
0
0
0
0
0
0
0
0
0
0
0
0
0
0
0
0
0
0
0
0
0
0
0
0
0
0
0
0
0
0
0
0
0
0
0
0
0
0
0
0
1
0
0
1
0
0
0
0
0
0
0
0
0
0
0
0
0
0
0
0
1
1
0
0
0
0
0
0
0
0
0
0
0
0
0
0
0
0
0
0
0
0
1
0
0
0
0
0
0
0
0
0
0
0
0
0
0
0
0
0
0
0
0
0
0
0
0
0
0
0
0
0
0
0
0
0
0
0
0
0
0
0
0
0
0
0
0
0
0
0
0
0
0
0
0
0
0
0
0
0
0
0
1
0
0
0
0
0
0
0
0
0
0
0
0
0
0
0
0
0
0
0
0
0
0
0
0
0
0
0
0
0
0
0
1
0
0
0
0
0
0
0
0
0
0
0
0
0
0
0
0
0
0
0
0
0
0
0
0
0
0
0
0
0
0
0
0
0
0
0
0
0
0
0
0
0
0
0
0
0
0
0
0
0
0
0
0
0
0
0
0
0
1
0
0
0
0
1
0
0
0
0
0
0
0
0
0
0
0
0
0
0
0
0
0
0
1
0
0
0
0
0
0
0
0
0
0
0
0
0
1
0
0
0
0
0
0
0
0
0
0
0
0
0
0
0
0
0
0
0
0
0
0
0
0
0
0
0
0
0
0
0
1
0
0
0
0
0
0
0
0
0
0
0
0
0
0
0
0
0
1
0
0
0
0
0
1
0
0
1
0
0
0
0
0
0
0
0
0
0
0
0
0
0
0
0
0
0
0
0
0
0
0
0
0
0
0
0
0
0
0
0
0
0
1
0
0
0
0
0
0
0
1
0
0
0
0
0
0
0
0
0
1
0
0
0
0
0
0
0
0
0
0
0
0
0
0
0
0
0
0
0
0
0
0
0
0
0
0
0
0
0
0
0
0
0
0
0
0
0
0
0
0
0
0
0
0
0
0
0
0
0
0
0
0
0
0
0
0
0
0
0
0
0
0
0
0
0
0
0
0
0
0
0
0
0
0
0
0
0
0
0
0
0
0
0
0
0
0
0
0
0
0
0
0
0
0
0
0
0
0
0
0
0
0
0
0
0
0
0
0
0
0
0
0
0
0
0
0
0
0
0
0
0
0
0
0
0
0
0
0
0
0
0
0
0
0
0
0
0
0
0
0
0
0
0
0
0
0
0
0
1
0
0
0
0
0
0
0
0
0
0
0
0
0
0
0
0
0
1
0
0
0
0
0
0
0
0
0
0
0
0
0
0
0
0
0
0
0
0
0
0
0
0
0
0
0
0
0
0
0
0
0
0
0
0
0
0
0
0
0
0
0
0
0
0
0
0
0
0
0
0
0
0
0
0
0
1
0
0
0
0
0
0
0
0
0
0
0
0
0
0
0
1
0
1
0
0
0
0
0
0
0
0
0
0
0
1
0
0
0
0
0
0
0
0
0
0
0
0
0
0
0
0
0
0
0
0
0
0
0
0
0
0
0
0
0
0
0
0
0
0
0
0
0
0
0
0
0
0
0
0
0
0
0
0
1
0
0
0
0
0
0
0
0
0
0
0
0
1
0
0
0
0
0
0
0
0
0
0
0
0
0
0
0
1
0
0
0
0
0
0
0
0
0
0
0
0
0
0
0
0
0
0
0
0
0
0
0
0
0
0
0
0
0
0
1
0
0
0
0
0
0
0
0
0
0
0
0
0
0
0
0
0
0
0
0
0
0
0
0
0
0
0
0
0
0
0
0
0
0
0
0
0
0
0
0
0
0
0
0
0
0
0
0
0
0
0
0
0
0
0
1
0
0
0
0
0
0
0
0
0
0
0
0
0
0
0
0
0
0
0
0
0
0
0
0
0
0
0
0
0
0
0
0
0
0
0
0
0
0
0
0
0
0
0
0
0
0
0
0
0
0
0
0
0
0
0
0
0
0
0
0
0
0
0
0
0
0
0
0
0
0
0
0
0
0
0
0
0
0
0
0
0
0
0
0
0
0
0
0
0
0
0
0
0
0
0
0
0
0
0
0
0
0
0
0
0
0
0
0
0
1
0
0
0
0
0
0
0
0
0
0
0
0
0
0
0
0
0
0
0
0
0
0
0
0
0
0
0
0
0
0
0
0
0
0
0
0
0
0
0
0
0
0
0
0
0
0
0
0
0
0
0
0
0
0
0
0
0
0
0
0
0
0
0
0
0
0
0
0
0
0
0
0
0
0
0
0
0
0
0
0
0
0
0
0
0
0
0
0
0
0
0
0
0
0
0
0
0
0
0
0
0
0
0
0
0
0
0
0
0
0
0
0
0
0
0
0
0
0
0
0
0
0
0
0
0
0
0
0
0
0
0
0
0
0
0
0
0
0
0
0
0
0
0
0
0
0
0
0
0
0
0
0
0
0
0
0
0
0
0
0
0
0
0
0
0
0
0
0
0
0
0
0
0
0
0
0
0
0
0
1
0
0
0
0
0
0
0
0
0
0
0
0
0
0
0
0
0
0
0
0
0
0
0
0
0
0
0
0
0
1
0
0
0
0
0
0
0
0
0
0
0
0
0
0
0
0
0
0
0
0
0
0
0
0
0
0
0
0
0
0
0
0
0
0
0
0
0
0
0
0
0
0
0
0
0
0
0
0
0
0
0
0
0
0
0
0
0
0
0
0
0
0
0
0
0
0
0
0
0
0
0
0
0
0
0
0
0
0
0
0
0
0
0
0
0
0
0
0
0
0
0
0
0
0
0
0
0
0
0
0
0
0
0
0
0
0
0
0
0
0
0
0
0
0
0
0
0
0
0
0
0
0
0
0
0
1
0
0
0
0
0
0
0
0
0
0
0
0
0
0
0
0
0
0
0
0
0
0
0
0
0
0
0
0
0
0
0
0
0
0
0
0
0
0
0
0
0
0
0
0
0
0
0
0
0
0
0
0
0
0
0
0
0
0
0
0
0
0
0
0
0
0
0
0
0
0
0
0
0
0
0
0
0
0
0
1
0
0
0
0
0
0
0
0
0
0
0
0
0
0
0
0
0
0
0
0
0
0
0
0
0
0
0
0
0
0
0
0
0
0
0
0
0
0
0
0
0
0
0
0
0
0
0
0
0
0
0
0
0
0
0
0
0
0
0
0
0
0
0
0
0
0
0
1
0
0
0
1
0
0
0
0
0
0
0
0
0
0
0
0
0
0
0
0
0
0
0
0
0
0
0
0
0
0
0
0
0
0
0
0
0
0
0
0
0
0
0
0
0
0
0
0
0
0
0
0
0
0
0
0
0
0
0
0
0
0
0
0
0
0
0
0
0
0
0
0
0
0
0
0
0
0
0
0
0
0
0
0
0
0
0
0
0
0
0
0
0
0
0
0
0
0
0
0
0
0
0
0
0
0
0
0
0
0
0
0
0
0
0
0
1
0
0
0
0
0
0
0
0
0
0
0
0
0
0
0
0
0
0
0
0
0
0
0
0
0
0
0
0
0
0
0
0
0
0
0
0
0
0
0
0
0
0
0
0
0
0
0
0
0
0
0
0
0
0
0
0
0
0
0
0
0
0
0
0
0
0
0
0
0
0
0
0
0
0
0
0
0
0
0
0
0
0
0
0
0
0
0
0
1
0
0
0
1
0
0
0
0
0
0
0
0
0
1
0
0
0
0
0
0
0
0
0
0
0
0
0
0
0
0
0
0
0
0
0
0
0
0
0
0
0
0
0
0
0
0
0
0
0
0
0
0
0
0
0
0
0
0
0
0
0
0
0
0
1
0
0
0
0
0
0
0
1
0
0
0
0
0
0
0
0
0
0
0
0
0
0
0
0
0
0
0
0
0
0
0
0
0
0
0
0
0
0
0
0
0
0
1
0
0
0
0
0
0
0
0
0
0
0
0
0
0
0
0
0
0
0
0
0
0
0
0
0
0
0
0
0
0
0
0
0
0
0
1
0
0
0
0
0
0
0
0
0
0
0
0
0
0
0
0
0
0
0
0
0
0
0
0
0
0
0
0
0
0
0
0
0
0
0
0
0
0
0
1
0
0
0
0
0
0
0
0
0
0
0
0
0
0
0
0
0
0
0
0
0
0
0
0
0
0
0
0
0
0
0
0
0
0
0
0
0
0
0
0
0
0
0
0
0
0
0
0
0
0
0
0
0
0
0
0
0
0
0
0
0
1
0
0
0
0
0
0
0
0
0
0
0
0
0
0
0
0
0
0
0
0
0
0
0
0
0
0
0
0
0
0
0
0
0
0
0
0
0
0
0
0
0
0
0
0
0
0
0
0
0
0
0
0
0
0
0
0
0
0
0
1
0
0
1
0
0
1
0
0
0
0
0
0
0
0
0
0
0
0
0
0
0
0
0
0
0
0
0
0
0
0
0
0
0
0
0
0
0
0
0
0
0
0
0
0
0
0
0
1
0
0
0
0
0
0
1
0
0
0
0
0
0
0
0
0
0
0
0
0
0
0
0
0
0
0
0
0
0
0
0
0
0
0
1
0
0
0
0
0
0
0
0
0
0
0
0
0
0
0
0
1
0
0
0
0
0
0
0
0
0
0
0
0
8
